2005	1	2	0	27	30	2.576	14	49.83	36.64
2005	1	2	7	38	36	3.687	14	49.74	37.06
2005	1	3	10	2	0	2.879	14	53.46	36.18
2005	1	13	13	6	6	3.485	18	53.25	35.51
2005	1	29	7	35	6	2.98	14	52.27	35.94
2005	2	6	5	10	54	2.677	14	52.39	35.26
2005	2	11	11	49	24	3.182	14	53.76	34.97
2005	2	11	15	32	54	2.374	14	47.49	37.19
2005	2	21	18	21	30	2.677	14	53.63	35.48
2005	2	21	22	9	54	4.394	15	53	36.56
2005	2	25	0	54	30	2.374	14	52.62	35.93
2005	3	2	11	0	12	2.071	14	52.28	35.27
2005	3	8	4	46	42	2.172	14	50.36	35.69
2005	3	9	0	34	54	2.475	14	49.68	36.64
2005	3	15	12	14	54	2.576	14	53.77	36.06
2005	4	8	5	51	30	2.879	14	48.42	37.73
2005	4	15	20	13	12	3.788	14	49.42	36.86
2005	4	26	2	33	36	2.172	34	52.25	35.29
2005	4	28	3	52	54	2.475	18	50.39	35.59
2005	4	28	16	17	36	2.172	18	50.38	35.6
2005	4	29	5	20	48	2.778	26	53.64	35.41
2005	5	1	7	53	18	3.081	17	53.25	35.81
2005	5	10	12	21	18	2.374	15	52.22	35.93
2005	5	10	16	19	36	2.576	14	53.94	36.44
2005	5	14	7	26	36	2.677	14	54.46	35.98
2005	5	17	4	26	18	2.98	14	54.34	36.37
2005	5	18	15	2	12	2.374	46	49.6	35.66
2005	5	19	10	25	30	2.879	14	53.89	37.07
2005	5	24	7	34	6	3.081	15	53.11	36.05
2005	6	1	9	34	18	3.081	15	53.1	35.42
2005	6	4	2	22	42	2.475	14	53.3	35.86
2005	6	5	21	22	12	2.677	14	49.38	35.79
2005	6	8	5	9	30	2.98	14	53.81	37.2
2005	7	10	8	56	48	2.475	15	53.19	35.79
2005	7	11	2	30	18	2.677	17	53.2	35.88
2005	8	1	6	39	42	2.677	18	52.45	36.27
2005	8	21	14	25	6	2.98	7	51.84	35.69
2005	8	25	18	22	30	2.98	15	49.59	36.97
2005	8	27	18	6	0	2.677	14	48.51	37.82
2005	8	30	3	4	24	3.081	16	52.17	35.67
2005	9	1	5	52	42	3.788	15	53.7	36.13
2005	9	17	13	51	54	3.081	14	54.51	36.77
2005	9	25	11	34	48	2.576	14	52.29	36.34
2005	9	28	7	11	30	2.98	15	53.44	36.45
2005	9	28	9	4	48	4.798	16	47.8	37.35
2005	10	6	11	52	36	3.283	14	54.06	35.2
2005	10	23	9	18	6	3.182	17	54.71	36.06
2005	11	3	13	47	18	2.475	15	49.92	36.71
2005	11	29	20	55	0	2.677	25	49.59	36.68
2005	12	5	8	13	30	2.576	14	53.76	36.18
2005	12	21	23	30	30	2.778	15	48.99	37.86
2005	12	23	7	6	30	3.586	18	53.53	36.07
2005	12	24	22	10	36	3.384	14	53.33	34.81
2006	1	13	18	29	0	3.182	14	53.03	35.47
2006	1	14	6	40	6	2.778	15	49.8	36.74
2006	2	17	8	47	54	2.778	14	52.18	35.68
2006	2	18	22	21	24	3.081	14	54.21	35.89
2006	2	20	18	56	54	2.475	6	51.92	35.67
2006	2	22	19	26	0	3.889	14	50.45	35.98
2006	3	5	20	2	24	2.475	14	49.75	36.7
2006	3	24	8	27	12	2.677	14	53.93	36.56
2006	3	27	22	40	42	2.98	18	53.62	36.08
2006	4	4	14	5	0	3.283	14	52	35.2
2006	4	9	20	56	0	2.879	17	50.07	36.82
2006	4	9	22	32	42	1.97	14	52.24	35.63
2006	4	12	9	14	12	2.879	14	53.19	35.15
2006	4	23	1	46	54	2.778	18	51.9	35.74
2006	4	24	11	21	6	3.485	14	54.44	36.89
2006	4	30	6	21	42	3.283	15	50.88	36.83
2006	4	30	22	16	18	3.485	14	53.23	35.17
2006	5	4	18	5	12	2.475	14	49.58	37.02
2006	5	8	1	52	0	2.677	14	52.09	35.36
2006	5	9	0	56	6	3.182	16	53.38	35.45
2006	5	13	0	17	54	2.778	15	53.66	37.02
2006	5	13	3	57	30	2.576	18	49.41	37.03
2006	5	14	1	35	30	3.081	6	52.39	36.08
2006	5	19	2	15	36	2.778	18	53.4	36
2006	5	20	6	30	12	2.778	14	53.75	35.07
2006	5	22	19	58	18	2.576	14	54.05	35.71
2006	5	28	9	44	18	2.475	15	53.53	36.1
2006	5	31	8	55	24	3.283	14	48.82	37.22
2006	6	2	4	41	36	2.778	18	48.71	37.87
2006	6	9	6	50	54	2.778	14	54.84	36.6
2006	6	10	17	26	18	2.576	14	53.05	35.05
2006	6	16	0	53	30	2.98	14	54.24	36.3
2006	6	28	3	57	0	3.182	14	49.89	36.75
2006	7	16	11	22	36	2.879	14	53.74	36.16
2006	7	23	17	2	12	2.576	14	52.39	35.35
2006	7	27	12	29	0	2.778	14	54.72	37.5
2006	7	28	10	24	12	3.485	15	54.35	36.06
2006	7	29	2	38	12	2.98	21	50.74	36.52
2006	8	2	9	45	48	2.778	14	49.37	36.8
2006	8	14	11	14	36	2.576	14	50.26	36.4
2006	8	16	6	52	36	3.687	14	54.39	36.45
2006	8	16	9	53	42	2.576	15	51.57	35.79
2006	8	18	21	47	48	2.98	14	54.45	37.15
2006	8	21	8	0	30	2.879	14	53.46	35.91
2006	8	24	1	26	30	3.283	24	50.95	36.54
2006	8	26	17	36	30	2.98	17	49.22	37.63
2006	8	29	22	36	12	3.687	14	53.11	35.34
2006	8	30	3	15	54	2.677	17	49.73	36.91
2006	8	31	16	9	6	3.081	14	49.71	36.09
2006	9	1	10	50	6	3.485	6	52	36.54
2006	9	2	21	36	18	2.879	14	54.28	37.48
2006	9	5	6	17	30	3.081	18	52.25	35.73
2006	9	10	8	32	30	2.98	14	51.99	36.01
2006	9	15	0	26	54	3.384	18	54.93	37.41
2006	9	16	6	56	12	3.485	17	49.09	37.59
2006	9	18	6	59	54	2.879	14	49.18	36.5
2006	10	6	9	9	6	3.081	17	50.16	35.64
2006	11	1	7	25	18	2.677	18	51.88	35.78
2006	11	4	10	1	30	3.788	16	54.49	36.73
2006	11	5	6	40	12	5	14	48.88	37.5
2006	11	7	7	12	0	3.586	14	49.24	36.7
2006	11	7	12	2	36	2.475	14	49.59	37.16
2006	11	8	23	31	6	2.778	6	52.17	36.38
2006	11	13	0	27	24	3.788	14	54.13	36.43
2006	11	13	0	40	18	2.677	14	53.07	36.33
2006	11	19	2	13	30	2.475	16	53.98	36.08
2006	11	19	9	19	30	2.98	15	52.04	35.17
2006	11	19	9	47	0	3.081	15	53.11	35.45
2006	11	21	7	45	54	3.384	14	54.49	36
2006	11	23	4	12	12	2.576	14	49.85	36.73
2006	11	26	7	29	54	2.879	14	53.22	35.9
2006	12	9	4	54	36	2.677	14	53.8	35.11
2006	12	10	3	35	6	3.485	14	54.99	36.55
2006	12	12	0	33	30	3.081	30	53	36.7
2006	12	12	22	15	18	3.586	14	49.52	37.8
2006	12	17	0	26	30	2.677	20	51.88	36.34
2006	12	20	0	38	24	3.889	15	53.82	35.95
2006	12	21	1	25	36	2.475	18	51.93	35.76
2006	12	21	15	20	24	4.091	14	51.89	35.74
2006	12	25	15	48	12	3.081	14	51.32	36.12
2006	12	28	5	29	54	2.475	20	51.39	36.37
2006	12	28	9	20	30	3.384	14	51.77	35.3
2006	12	28	18	9	48	3.182	14	50.17	37.4
2007	1	11	23	7	24	3.081	41	53.88	37.36
2007	1	12	1	56	42	3.384	14	47.99	37.67
2007	1	16	21	42	24	2.576	14	52.59	36.3
2007	1	21	1	43	36	2.475	14	53.59	35
2007	1	24	6	7	12	3.081	8	50.51	37.11
2007	1	24	14	41	30	2.475	14	52.56	36.17
2007	2	18	18	33	18	2.98	14	52.74	36.48
2007	2	24	2	43	24	2.778	14	53.88	36.83
2007	2	27	19	6	0	3.384	14	52.05	35.71
2007	2	28	8	44	54	2.475	6	53.23	36.01
2007	3	2	10	19	12	3.081	14	51.57	35.65
2007	3	5	7	40	42	2.475	17	53.12	35.5
2007	3	6	11	53	18	3.081	15	53.43	37.4
2007	3	14	20	9	0	2.98	33	50.98	35.67
2007	3	18	13	15	42	2.778	14	52.61	35.55
2007	3	20	22	48	0	2.98	14	49.59	36.97
2007	3	22	16	34	36	3.384	14	48.38	38.06
2007	3	27	4	8	0	2.677	27	50.38	36.31
2007	4	1	5	52	54	2.677	30	51.55	36.36
2007	4	4	3	37	18	3.182	17	53.01	35.89
2007	4	7	2	55	36	2.778	16	52.88	35.3
2007	4	17	13	43	18	3.182	15	53.02	35.35
2007	4	19	1	2	54	2.576	14	53.48	35.37
2007	4	21	9	33	30	3.081	17	54.16	36.21
2007	4	22	23	31	48	2.576	14	49.62	36.76
2007	4	25	9	16	30	3.081	15	52.89	36
2007	4	28	22	59	48	2.576	15	52.49	35.55
2007	4	30	12	9	42	2.576	6	52.37	35.74
2007	5	3	9	26	42	2.475	27	51.69	36.4
2007	5	8	7	36	36	2.576	8	52.38	35.66
2007	5	8	20	32	0	2.475	14	52.12	35.37
2007	5	13	2	7	48	4.091	14	49.31	36.99
2007	5	19	5	59	48	3.081	14	54.33	36.88
2007	5	24	5	11	0	3.586	22	49.46	35.69
2007	5	24	15	37	24	2.576	14	51.77	36.45
2007	5	28	15	29	24	2.677	15	54.18	36.64
2007	5	31	20	10	24	2.576	12	52.1	35.79
2007	6	1	4	24	0	3.182	14	53.69	36.12
2007	6	4	4	16	36	3.788	34	51.32	36.37
2007	6	6	10	56	48	2.98	16	49	37.18
2007	6	7	8	17	54	2.778	14	54.91	37.46
2007	6	8	3	51	30	3.283	16	54.68	36.13
2007	6	8	10	30	30	3.384	15	51.56	36.55
2007	6	17	1	58	12	2.778	16	54.45	36.39
2007	6	19	5	34	12	3.182	14	52.76	34.8
2007	6	21	10	39	12	2.576	15	51.83	35.6
2007	6	22	8	58	12	2.879	15	53.03	35.88
2007	6	23	4	11	18	3.283	18	54.49	37.47
2007	6	24	1	22	24	2.677	15	52.88	36.49
2007	6	25	5	47	54	2.778	6	52.33	35.3
2007	7	2	16	42	18	2.879	16	49.38	37.08
2007	7	8	4	43	0	2.576	14	52	35.22
2007	7	8	10	3	0	3.182	14	54.88	36.73
2007	7	12	8	2	0	2.576	16	52.65	35.79
2007	7	14	7	50	6	2.778	16	53.09	35.92
2007	7	15	5	35	6	2.778	15	51.64	36.71
2007	7	22	13	57	18	2.778	45	54.77	37.58
2007	7	23	17	8	36	2.677	15	54.3	36.36
2007	7	23	23	10	6	2.879	6	52.11	35.98
2007	7	26	23	41	42	2.98	29	52.15	36.62
2007	7	31	7	59	48	2.879	16	51.66	35.77
2007	7	31	8	49	12	3.182	18	48.76	37.68
2007	8	7	19	59	36	2.576	14	50.93	36.51
2007	8	15	3	42	24	3.283	39	51.78	36.46
2007	8	20	8	57	18	3.99	14	49.24	37.62
2007	8	27	19	6	54	2.576	16	54.26	37.42
2007	8	29	2	31	24	2.677	14	53.78	36.32
2007	8	30	4	10	24	3.182	14	49.45	36.88
2007	8	31	4	43	24	2.98	14	48.76	37.52
2007	9	4	11	50	30	3.384	14	53.11	35.01
2007	9	8	6	30	48	3.586	14	54.43	36.93
2007	9	9	19	22	24	3.384	14	53.43	34.98
2007	9	11	20	54	48	3.586	14	54.53	36.66
2007	9	15	1	16	48	2.677	18	51.82	35.81
2007	9	19	2	33	6	2.475	15	52.68	34.99
2007	9	19	4	43	36	3.384	14	52.75	34.96
2007	9	20	15	1	30	3.788	18	49.96	37.2
2007	9	21	3	56	42	2.576	14	52.83	35.34
2007	10	1	4	17	30	4.192	14	48.57	37.38
2007	10	1	8	9	36	3.081	9	51.81	35.32
2007	10	1	15	56	6	3.283	14	54.64	36.23
2007	10	6	15	16	6	2.677	15	52.01	35.82
2007	10	8	21	23	54	2.576	14	52.88	36.48
2007	10	12	21	55	6	2.576	8	52.47	35.53
2007	10	20	19	35	54	2.677	6	52.61	35.28
2007	10	21	8	55	30	2.475	27	53.51	36.09
2007	10	21	9	16	6	3.182	14	52.45	35.43
2007	10	23	23	7	6	2.677	14	52.78	36.43
2007	10	26	9	17	42	2.879	18	49.18	37.67
2007	10	28	1	52	42	3.182	14	54.31	37.56
2007	11	1	21	48	30	3.384	14	52.31	35.93
2007	11	4	1	50	12	3.182	17	52.97	35.09
2007	11	5	14	41	18	2.576	18	49.03	38
2007	11	6	13	39	18	3.586	14	53.06	36.25
2007	11	12	5	51	18	2.778	14	49.66	36.64
2007	11	18	16	51	0	2.475	14	53.08	34.76
2007	11	20	10	28	24	5.101	14	53.04	34.71
2007	11	22	13	49	18	2.778	14	53	36
2007	11	26	1	21	30	2.778	9	52.34	36.28
2007	11	27	14	57	18	2.778	14	51.73	36.38
2007	12	2	7	15	36	2.98	15	49.48	37.28
2007	12	3	3	37	6	2.879	14	51.09	36.14
2007	12	4	8	17	18	2.475	16	49.35	36.83
2007	12	7	6	53	0	3.485	14	48.56	37.66
2007	12	12	1	56	48	2.879	14	54.39	36.99
2007	12	14	4	45	18	3.586	14	53.68	36.19
2007	12	16	8	4	18	4.394	33	47.68	37.23
2007	12	20	20	3	6	4.091	16	54.93	36.62
2008	1	3	1	31	0	2.778	14	54.97	37.05
2008	1	6	22	56	42	4.394	17	54.57	37.21
2008	1	8	13	51	42	2.475	17	50.16	37.31
2008	1	8	22	57	18	3.485	15	53.15	36.01
2008	1	21	17	56	54	3.081	15	49.88	36.54
2008	2	3	16	19	42	2.879	15	52.66	36.62
2008	2	6	1	7	54	2.475	27	52.79	36.15
2008	2	10	3	55	30	2.677	15	52.23	36.04
2008	2	12	2	52	30	2.98	6	52.46	36.15
2008	2	20	10	25	12	2.879	25	52.55	35.71
2008	2	25	2	48	18	2.576	14	50.09	37.06
2008	3	6	4	5	12	2.778	14	49.49	36.82
2008	3	9	19	15	30	3.687	15	54.22	36.19
2008	3	11	9	50	0	2.879	14	50.85	36.89
2008	3	23	11	31	54	4.697	38	48.52	37.45
2008	3	28	1	55	18	4.495	14	52.73	36.25
2008	4	2	20	41	54	2.778	30	48.9	38.44
2008	4	7	13	54	36	2.677	6	51.78	36.5
2008	4	13	22	22	30	2.677	20	54.94	37.13
2008	4	15	21	34	36	2.475	0	51.51	36
2008	4	18	23	30	42	2.576	14	53.41	35.04
2008	4	25	8	37	48	2.475	14	49.82	36.68
2008	4	25	20	29	0	3.788	15	52.55	35.7
2008	4	30	11	41	6	2.576	16	49.88	36.62
2008	5	1	5	8	36	2.778	14	50.81	36.64
2008	5	4	16	58	18	2.475	18	52.3	35.49
2008	5	8	7	42	18	3.384	17	52.49	34.9
2008	5	12	15	36	24	2.677	15	51.5	35.57
2008	5	13	11	38	30	2.98	14	54.36	36.81
2008	5	15	12	14	48	3.384	14	49.93	36.65
2008	5	27	18	4	6	5.404	14	48.76	36.59
2008	5	29	15	3	24	3.788	15	54.85	36.61
2008	6	7	9	28	48	3.485	14	47.63	37.21
2008	6	10	14	22	42	2.879	28	52.33	36.7
2008	6	15	6	44	24	2.879	15	53.5	35.94
2008	6	17	10	19	24	2.879	18	50.49	36.08
2008	6	20	23	3	12	2.778	23	49.66	37.13
2008	6	21	5	14	24	2.98	33	52.16	35.17
2008	6	25	22	22	12	3.182	14	53.25	35.93
2008	6	30	14	27	6	3.384	14	52.48	35.99
2008	7	4	0	36	36	2.98	21	51.08	36.57
2008	7	14	6	8	12	4.091	14	48.21	37.73
2008	7	17	6	42	24	3.182	34	54.1	35.54
2008	7	18	8	51	18	4.293	14	53.17	35.85
2008	7	25	13	41	18	3.081	14	52.93	35.31
2008	7	26	5	42	6	2.879	15	53.8	35.46
2008	7	27	8	4	12	2.677	14	52.37	36.37
2008	7	29	13	26	48	2.778	14	53.4	35.35
2008	8	2	17	24	0	2.576	14	49.88	36.85
2008	8	6	16	22	30	3.182	15	53.89	36.1
2008	8	11	5	49	36	3.283	15	55.24	36.83
2008	8	12	8	21	12	2.677	14	54.87	36.72
2008	8	18	10	12	24	2.677	14	54.46	36.93
2008	8	20	8	56	48	2.576	14	48.88	37.54
2008	8	22	5	44	36	2.98	26	51.92	35.55
2008	8	25	17	54	36	2.677	14	54.15	36.47
2008	8	27	15	52	36	2.475	15	52.17	35.38
2008	9	8	17	4	24	2.879	14	53.87	36.46
2008	9	14	0	8	24	3.182	17	54.57	37.28
2008	9	14	0	12	0	4.091	28	49.8	36.76
2008	9	15	4	11	36	2.98	14	54.65	36.9
2008	9	16	3	1	12	3.485	15	52.64	34.92
2008	9	16	17	4	6	2.475	14	55.06	36.77
2008	9	22	23	0	18	2.879	16	48.72	37.43
2008	9	26	4	15	30	2.677	14	49.25	36.98
2008	10	2	12	3	36	3.182	14	54.91	36.92
2008	10	6	9	38	54	3.081	8	52.22	35.97
2008	10	12	8	25	0	2.576	14	53.49	36.12
2008	10	17	1	21	54	2.879	18	51.01	36.46
2008	10	18	14	46	42	2.475	17	53.01	35.9
2008	10	21	3	17	48	2.778	16	53.12	35.08
2008	10	21	23	5	42	2.98	12	51.23	36.15
2008	10	30	1	7	6	2.879	15	49.3	38.85
2008	10	31	9	40	18	2.576	14	54.04	36.19
2008	11	1	1	34	12	3.283	14	53.75	36.15
2008	11	3	4	3	42	2.576	14	52.52	36.52
2008	11	6	11	19	6	2.879	18	52.97	35.21
2008	11	8	9	53	12	2.879	14	53.15	36.06
2008	11	13	19	1	36	2.98	33	48.97	37.6
2008	11	14	22	48	24	2.677	14	52.13	35.79
2008	11	21	2	39	12	3.182	15	49.14	37.16
2008	11	24	7	46	18	2.778	14	48.58	37.84
2008	11	26	21	28	48	2.677	14	48.57	37.6
2008	12	2	7	19	0	3.081	14	54.41	36.95
2008	12	16	2	10	18	3.485	14	52.69	35.18
2008	12	16	10	8	54	2.677	14	53.07	34.8
2008	12	18	4	59	18	3.081	11	55.2	37.3
2008	12	23	22	56	36	2.879	17	52.44	35.4
2008	12	27	15	17	54	2.98	15	53.63	36.86
2008	12	28	0	14	30	2.778	14	49.21	37.98
2009	1	7	18	28	36	2.475	15	52.33	35.3
2009	1	9	20	30	30	2.98	14	48.72	37.34
2009	1	11	11	4	0	3.384	14	53.93	36.69
2009	1	12	9	49	48	2.677	15	53.38	35.77
2009	1	21	11	54	0	2.677	14	48.91	37.37
2009	1	21	22	7	54	3.687	14	55.02	36.81
2009	1	22	11	34	12	2.677	25	52.44	35.32
2009	2	2	14	10	30	2.778	14	51.4	36.41
2009	2	3	11	36	0	2.98	14	49.62	37.58
2009	2	4	22	53	12	2.677	14	48.92	37.44
2009	2	8	13	44	24	3.182	14	50.19	37.37
2009	2	9	1	28	36	2.576	18	49.83	35.65
2009	2	22	0	26	12	3.889	15	54.78	37.08
2009	2	25	11	50	48	2.475	14	54.97	36.25
2009	2	28	22	37	36	3.485	15	53.88	36.28
2009	3	8	22	1	36	3.081	14	52.55	36.4
2009	3	10	4	55	54	2.677	15	52.33	36.27
2009	3	12	13	6	6	2.98	14	54.17	36.29
2009	3	16	17	9	6	3.182	14	54.47	37.23
2009	3	18	8	23	30	2.576	47	53.08	34.79
2009	3	20	21	39	42	2.576	14	52.19	35.6
2009	3	21	0	35	18	3.384	14	51.58	36.3
2009	3	23	9	49	18	2.879	14	53.9	35.25
2009	3	24	4	13	12	2.677	18	50.75	36.72
2009	3	28	18	16	18	3.081	15	54.61	36.55
2009	4	1	7	13	18	3.283	6	54.64	37.17
2009	4	2	18	0	6	2.778	14	52.25	35.94
2009	4	2	19	36	6	3.485	15	54.35	37.07
2009	4	4	18	8	48	3.283	14	51.88	36.33
2009	4	6	0	42	6	3.081	15	54.26	36.71
2009	4	16	18	47	54	2.576	46	52.98	34.96
2009	4	17	9	42	0	3.081	41	51.29	35.4
2009	4	19	3	6	54	3.384	14	53.01	35.32
2009	4	23	3	51	24	2.475	16	51.52	36.6
2009	4	24	9	15	12	2.475	14	52.15	36.44
2009	4	28	18	11	24	2.98	15	51.89	35.85
2009	5	2	11	38	0	3.384	17	54.5	37.1
2009	5	6	23	49	54	2.475	46	49.89	35.83
2009	5	14	15	22	30	2.778	14	51.03	36.56
2009	5	23	4	46	0	2.475	13	52.41	35.95
2009	6	4	10	2	48	2.677	29	49.14	37.54
2009	6	6	6	10	6	2.778	14	49.76	36.7
2009	6	8	5	37	12	3.182	14	52.88	35.88
2009	6	11	7	15	6	3.687	14	52.6	35.77
2009	6	15	7	41	24	2.576	14	53.29	35.87
2009	6	18	23	51	30	2.98	15	55.29	36.99
2009	6	22	7	17	18	2.475	26	54.61	36.41
2009	6	28	17	6	24	3.081	46	53.51	34.99
2009	7	24	21	46	36	2.778	14	48.7	38.26
2009	7	30	3	42	42	3.99	15	50.43	36.17
2009	8	5	2	26	36	2.677	27	52.86	34.96
2009	8	5	14	35	42	2.475	15	52.75	35.6
2009	8	8	3	34	0	3.485	14	55.23	36.82
2009	8	11	3	54	48	2.98	36	53.76	37.15
2009	8	14	5	3	36	4.192	14	52.01	36.34
2009	8	16	13	22	42	3.182	14	49.15	36.58
2009	8	17	3	10	54	2.98	15	52.54	35.46
2009	8	25	3	21	12	3.99	14	54.1	37.34
2009	9	3	8	51	36	2.475	16	52.6	35.6
2009	9	11	7	55	18	2.576	14	52.58	35.59
2009	9	11	9	42	18	3.586	15	48.75	37.64
2009	9	15	6	47	42	2.98	15	53.41	35.15
2009	9	18	16	4	24	2.879	14	49.6	37.08
2009	9	22	1	59	0	2.879	16	52.74	36.02
2009	9	25	7	3	24	3.081	14	55.07	36.85
2009	9	28	11	39	18	2.475	14	53.58	35.95
2009	10	5	21	42	18	2.475	17	48.7	36.62
2009	10	9	2	28	48	3.081	14	52.84	35.4
2009	10	12	6	19	30	2.677	15	52.47	35.46
2009	10	14	11	48	36	2.98	15	48.7	37.96
2009	10	17	16	44	54	2.475	15	49.99	36.49
2009	10	18	7	35	6	2.778	12	52.23	35.58
2009	10	19	5	56	42	3.889	15	51.57	35.47
2009	10	22	0	31	48	3.485	7	55.02	36.71
2009	10	22	7	14	42	2.879	16	53.07	34.99
2009	10	22	21	59	12	2.778	14	52.59	35.57
2009	10	30	8	10	54	3.283	18	54.41	37.19
2009	11	11	17	5	24	2.475	10	52.01	35.6
2009	11	16	0	9	24	3.182	25	52.87	36.54
2009	11	17	2	41	0	2.475	14	49.23	36.97
2009	11	20	9	14	12	2.98	15	54.54	37.13
2009	11	28	2	4	30	2.677	18	48.96	37.7
2009	11	29	11	19	36	2.778	6	52.4	35.72
2009	12	2	0	34	48	2.778	16	54.89	36.45
2009	12	3	5	11	0	3.788	15	54.52	37.15
2009	12	10	0	19	18	2.677	14	48.47	37.68
2009	12	10	16	50	24	2.879	14	53.88	35.07
2009	12	11	1	12	6	3.384	15	54.04	37.47
2009	12	12	10	44	48	2.576	15	52.05	35.68
2009	12	16	11	21	30	2.475	16	50.51	36.9
2009	12	18	14	40	6	2.879	14	53.64	35.31
2009	12	19	10	23	48	3.384	18	54.68	36.46
2009	12	25	15	43	48	2.475	16	53.49	35.99
2010	1	4	23	10	48	2.98	14	53.44	35.64
2010	1	5	15	45	24	2.475	14	52.85	37.14
2010	1	13	18	48	42	3.081	14	54.61	36.32
2010	1	17	3	20	0	3.99	14	48.52	37.35
2010	1	20	20	5	24	4.192	14	52.86	35.87
2010	1	31	1	43	36	2.778	39	53.38	35.98
2010	2	6	17	33	48	2.576	14	50.03	36.78
2010	2	10	4	57	18	2.576	44	53.82	35.95
2010	2	12	4	1	24	2.879	26	53.36	36.15
2010	2	24	6	28	6	2.98	15	53.83	36.98
2010	2	25	11	29	12	3.485	14	53.42	35.9
2010	3	5	0	22	36	4.495	18	54.3	37.39
2010	3	5	19	32	48	2.879	18	49.46	36.8
2010	3	9	22	14	36	3.788	6	51.84	36.4
2010	3	10	2	12	42	2.879	14	48.95	37.6
2010	3	27	9	30	30	2.677	46	53.59	35.85
2010	3	28	10	50	12	2.778	14	50.53	36.53
2010	3	30	3	15	54	1.97	27	52.66	35.91
2010	3	30	10	10	48	3.687	14	52.78	35.93
2010	4	6	3	24	18	2.677	17	53.96	36.77
2010	4	9	1	12	24	3.687	17	50.17	37.13
2010	4	17	20	5	6	3.182	15	49.55	36.87
2010	4	28	4	17	42	4.192	14	49.06	35.89
2010	5	1	17	38	18	3.182	14	55	36.75
2010	5	2	12	13	6	3.081	16	52.71	35.43
2010	5	21	11	55	42	3.081	35	52.03	35.28
2010	5	23	3	16	0	2.778	17	50.51	36.92
2010	5	27	1	31	54	3.485	14	54.02	35.99
2010	5	27	2	11	18	3.384	7	53.27	36.01
2010	5	28	21	21	48	2.778	14	52.37	36.15
2010	6	13	22	28	48	2.576	14	55.09	36.84
2010	6	16	20	56	24	2.475	14	55.09	35.53
2010	6	20	23	31	24	2.98	6	52.44	35.75
2010	6	29	4	19	12	2.475	11	51.85	35.82
2010	7	5	3	9	42	3.182	24	54.98	36.72
2010	7	8	9	11	42	2.475	15	50.04	36.34
2010	7	17	17	47	54	3.283	46	52.28	35.19
2010	7	24	3	20	48	2.778	14	51.93	35.68
2010	7	29	16	26	54	2.778	15	54.54	37.14
2010	7	30	6	34	48	3.081	33	54.19	36.4
2010	8	2	7	31	12	3.283	15	54.17	37.4
2010	8	4	4	55	0	2.98	14	53.19	34.8
2010	8	5	6	5	54	2.677	14	54.35	37.01
2010	8	6	14	18	54	3.384	14	50.19	37.34
2010	8	11	3	5	24	3.182	11	52.14	35.71
2010	8	13	9	35	12	2.576	14	51.35	36.57
2010	8	14	4	9	12	2.98	14	53.38	34.98
2010	8	14	17	37	0	2.677	14	53.39	35.61
2010	8	19	9	1	30	2.879	17	52.42	36.64
2010	8	20	1	14	12	2.677	15	54.33	36.43
2010	8	20	11	55	48	3.182	35	50.85	36.53
2010	8	22	17	17	42	2.576	14	51.06	35.93
2010	8	23	22	54	24	3.384	6	48.64	38.07
2010	8	24	7	1	0	3.384	15	55.06	36.74
2010	8	24	11	0	6	2.98	14	48.37	37.93
2010	8	27	23	48	0	5.909	14	54.49	35.46
2010	8	29	10	35	30	3.182	14	48.42	37.53
2010	9	2	23	1	12	2.98	14	52.7	35.77
2010	9	9	6	29	48	4.192	15	49.51	36.97
2010	9	9	21	18	30	2.879	15	53.23	35.96
2010	9	16	17	21	42	2.879	33	52.39	35.36
2010	9	20	8	8	30	3.384	15	52.71	35.71
2010	9	23	11	22	6	2.778	14	48.45	37.48
2010	9	27	7	29	48	3.586	14	53.37	35.89
2010	10	1	22	54	0	2.778	6	52.33	36.47
2010	10	10	20	12	18	2.475	14	49.93	35.7
2010	10	18	11	23	48	2.576	14	50.24	37.05
2010	10	22	0	37	36	4.596	15	49.09	37.96
2010	10	24	15	20	6	2.778	14	55.15	36.81
2010	11	2	6	3	0	2.778	14	54.81	36.69
2010	11	4	23	13	18	3.081	16	53.78	36.03
2010	11	9	14	43	30	3.182	6	51.96	36.1
2010	11	12	0	35	42	2.879	6	52.63	36.34
2010	11	14	12	15	12	2.778	6	52.27	35.97
2010	11	17	9	12	6	2.576	14	53.26	36.02
2010	11	22	22	58	0	2.98	14	50.24	37.04
2010	11	27	6	27	18	3.182	18	53.24	36.17
2010	11	29	14	16	30	3.182	14	54.86	36.8
2010	11	30	7	2	48	2.677	14	51.81	35.43
2010	12	6	18	26	54	2.778	14	48.84	37.58
2010	12	10	7	8	54	3.485	14	48.25	37.83
2010	12	15	2	33	54	3.586	18	54.7	37.28
2010	12	20	11	49	6	2.677	14	54.65	36.83
2011	1	1	6	49	6	2.879	15	49.74	36.68
2011	1	5	0	21	30	2.778	14	53.3	35.93
2011	1	5	3	44	36	2.475	14	48.96	37.27
2011	1	8	7	15	12	2.576	14	52.21	35.73
2011	1	10	0	34	36	2.576	15	50.97	36.28
2011	1	16	1	49	6	3.283	24	50.77	36.51
2011	1	29	11	17	6	2.576	18	49.77	36.38
2011	1	30	5	4	12	3.485	24	53.36	35.95
2011	2	8	11	39	18	3.586	41	54.77	37.32
2011	2	20	22	16	18	4.192	26	51.78	35.47
2011	2	21	14	36	6	3.081	39	53.36	35.4
2011	2	22	1	45	36	2.677	14	49.91	36.66
2011	2	22	19	58	48	2.879	17	53.31	36.09
2011	2	25	3	11	6	3.081	46	52.11	36.56
2011	3	5	22	28	48	4.293	14	48.61	37.73
2011	3	7	2	3	54	2.778	31	54.94	36.06
2011	3	12	14	28	36	3.081	38	50.47	37.34
2011	3	15	12	16	6	3.384	16	50.14	36.74
2011	3	23	22	56	18	2.475	14	55.28	36.89
2011	4	1	9	48	54	2.576	45	54.61	37.18
2011	4	8	20	57	30	2.98	14	54	36.62
2011	4	15	11	49	36	2.778	14	53.88	37.36
2011	4	20	1	56	30	2.778	7	52.54	35.66
2011	4	28	21	35	12	2.778	14	50.64	36.41
2011	4	30	18	39	30	2.576	16	51.56	36.06
2011	5	8	1	20	12	2.98	15	53.27	36.19
2011	5	8	2	58	30	3.182	15	52.65	34.87
2011	5	15	22	31	18	2.475	33	51.89	35.89
2011	5	18	5	55	12	2.475	29	48.58	37.77
2011	5	19	18	6	48	2.576	15	52.23	35.49
2011	5	27	17	9	48	3.283	42	53.65	35.93
2011	5	28	11	35	24	2.576	35	52.42	34.95
2011	5	29	15	20	0	3.384	15	54.17	37.32
2011	6	10	1	41	42	2.778	18	49.58	36.89
2011	6	11	23	11	48	2.576	14	49.21	37.08
2011	6	16	3	19	24	2.98	15	54.89	36.7
2011	7	3	19	29	36	3.687	16	53.43	35.68
2011	7	6	4	4	36	3.586	18	52.88	36.72
2011	7	8	21	27	24	3.283	7	50.84	36.96
2011	7	10	5	55	6	3.182	15	48.9	37.65
2011	7	10	11	8	18	2.778	25	49.28	38.2
2011	7	15	0	53	12	3.182	18	50.1	37.01
2011	7	24	13	48	18	2.677	14	49.1	37.3
2011	7	25	19	55	54	2.98	14	55.01	36.84
2011	7	27	17	14	24	2.374	15	50.97	35.64
2011	7	29	5	49	54	2.677	14	53.26	36.01
2011	8	1	17	4	18	2.475	15	49.35	37.01
2011	8	3	10	5	24	2.98	16	54.66	37.22
2011	8	8	3	18	12	2.879	37	53.96	37.09
2011	8	12	4	35	36	2.576	14	51.33	36.39
2011	8	12	8	17	12	4.697	8	54.81	36.56
2011	8	18	15	58	54	2.879	18	53.16	35.44
2011	8	26	14	54	48	2.98	15	50.89	36.82
2011	8	29	3	23	42	3.182	14	48.36	37.72
2011	8	31	17	16	42	2.879	14	51.31	35.99
2011	8	31	23	55	0	2.677	15	48.81	37.81
2011	9	3	21	39	6	2.879	17	50.5	36.14
2011	9	4	6	50	0	3.788	15	47.86	37.51
2011	9	18	3	4	48	3.384	14	50.02	36.69
2011	9	19	6	17	18	2.879	14	48.68	37.88
2011	9	21	19	37	18	2.475	14	48.88	37.51
2011	9	25	17	59	6	2.98	14	48.67	37.48
2011	10	2	6	45	30	2.879	15	54.24	36.85
2011	10	5	5	20	0	2.879	14	53.23	35.92
2011	10	8	1	29	42	3.384	13	48.6	37.86
2011	10	8	11	37	24	2.677	15	51.99	35.89
2011	10	8	15	11	12	3.081	15	51.93	35.25
2011	10	18	9	13	24	2.778	15	48.81	37.42
2011	10	21	4	41	12	2.778	14	52.22	36.35
2011	10	24	11	14	0	3.283	14	48.43	37.61
2011	10	24	12	10	12	2.98	14	54.47	37.21
2011	10	26	9	54	36	2.778	17	52.81	37.06
2011	10	28	9	7	24	2.778	38	48.82	37.64
2011	11	2	18	12	42	2.778	16	51.98	36.49
2011	11	22	1	39	24	2.879	14	53.1	34.8
2011	11	26	4	55	12	3.182	27	54.88	37.14
2011	11	28	17	56	54	3.182	15	53.9	37.39
2011	12	3	0	9	48	3.586	16	52.05	35.19
2011	12	3	18	9	18	2.778	15	54.17	36.36
2011	12	5	2	55	30	2.879	15	52.11	35.71
2011	12	9	8	55	48	3.182	18	53.13	35.93
2011	12	9	12	50	6	3.182	14	52.99	34.72
2011	12	10	1	46	30	3.081	14	48.81	37.46
2011	12	11	21	19	24	3.788	17	55.26	37.04
2011	12	13	0	53	54	2.778	14	53.41	36.02
2011	12	14	20	42	48	2.98	14	55.17	36.69
2011	12	25	1	23	36	2.778	17	52.25	36.63
2011	12	26	0	55	6	3.788	18	53.13	34.99
2011	12	26	11	27	24	3.081	17	52.33	36.18
2011	12	31	1	14	48	2.475	15	49.59	37.02
2011	12	31	3	4	36	3.081	14	54.75	36.76
2012	1	4	11	0	12	2.475	15	49.98	37.15
2012	1	10	14	1	42	3.586	14	54.47	37.31
2012	1	11	8	0	48	5.202	16	52.83	36.37
2012	1	14	18	17	6	3.283	33	54.13	36.89
2012	1	16	6	34	12	3.889	14	48.6	37.61
2012	1	17	19	41	18	2.677	14	50.19	37.22
2012	1	17	20	2	12	2.778	6	52.46	35.82
2012	1	19	0	48	36	2.576	28	52.4	35.33
2012	1	22	3	11	24	2.576	14	50.79	36.72
2012	2	3	7	39	12	3.283	15	48.16	37.37
2012	2	4	3	51	6	3.687	15	53.17	35.97
2012	2	4	4	14	0	4.495	40	49.53	37.7
2012	2	8	7	40	6	2.576	14	49.22	36.88
2012	2	11	16	27	18	2.172	34	52.42	35.75
2012	2	11	18	58	24	2.273	18	52.31	35.71
2012	2	12	0	40	42	2.374	14	52.02	35.61
2012	2	12	11	40	0	4.596	14	52.42	35.59
2012	2	17	8	17	24	1.97	14	51.6	36.37
2012	2	20	14	51	6	2.576	18	54.44	35.75
2012	2	21	10	29	30	1.768	16	50.97	35.98
2012	2	26	22	3	54	2.778	15	48.26	37.46
2012	2	29	16	0	24	3.788	27	50.3	37.02
2012	2	29	22	55	18	4.293	14	54.53	37.18
2012	3	1	2	47	54	1.768	1	51.97	36.02
2012	3	3	9	50	18	2.778	14	49.5	36.96
2012	3	3	22	38	48	2.071	14	51.23	35.68
2012	3	7	10	25	18	3.586	16	54.26	35.82
2012	3	11	8	18	0	1.465	14	52.12	35.27
2012	3	11	19	50	42	2.273	9	51.95	35.71
2012	3	12	0	20	24	3.384	14	54.47	35.48
2012	3	12	4	51	18	3.788	14	48.7	37.5
2012	3	14	21	37	48	3.283	14	53.22	37.27
2012	3	15	10	2	6	3.081	14	54.05	36.33
2012	3	17	11	23	6	2.273	18	49.09	36.95
2012	3	18	23	18	6	2.576	14	51.05	36.85
2012	3	19	3	24	12	3.081	14	54	37.38
2012	3	19	5	13	30	3.081	18	54.9	36.63
2012	3	19	14	16	18	4.495	14	49.2	36.82
2012	3	20	16	17	30	2.778	14	53.31	36.71
2012	3	29	2	14	12	2.677	14	50.85	36.93
2012	3	29	11	19	36	2.475	18	52.08	35.29
2012	4	5	0	59	24	2.475	16	51.05	36.54
2012	4	5	3	0	54	2.879	14	48.61	37.93
2012	4	9	7	12	30	2.576	14	54.97	36.68
2012	4	10	19	31	12	2.677	14	53.85	37.04
2012	4	23	14	57	54	4.091	14	53.31	36.09
2012	4	26	12	27	36	1.97	14	51.46	36.11
2012	5	1	1	17	42	2.475	14	48.69	37.53
2012	5	1	9	23	18	4.192	29	53.29	35.37
2012	5	1	10	25	48	3.283	16	54.69	36.8
2012	5	8	2	3	48	2.677	14	53.24	35.71
2012	5	10	21	42	30	2.071	14	55.24	36.84
2012	5	18	13	54	54	3.384	17	52.74	34.83
2012	5	18	17	14	48	2.071	16	54.59	37.23
2012	5	19	10	45	18	3.081	38	54.32	36.21
2012	5	24	0	2	6	2.677	15	51.96	35.35
2012	5	24	7	55	36	2.475	31	54.62	36.73
2012	5	26	0	0	12	3.384	15	53.9	36.06
2012	5	28	1	16	12	2.374	14	51.98	35.86
2012	5	28	7	14	36	2.172	14	54.85	36.68
2012	6	1	17	33	18	1.667	14	51.01	35.84
2012	6	3	14	22	18	2.677	14	54.71	36.71
2012	6	7	15	44	48	2.98	22	52.75	35.05
2012	6	13	20	42	36	2.879	14	52.89	34.73
2012	6	16	7	33	54	2.677	17	48.78	38.37
2012	6	21	7	20	48	2.98	14	54.57	36.14
2012	6	28	7	56	0	2.273	14	55.3	36.97
2012	6	28	8	21	6	2.677	14	48.05	37.68
2012	7	1	20	35	48	2.778	14	52.71	35.48
2012	7	2	21	8	18	3.687	13	51.94	35.77
2012	7	4	18	40	42	2.172	14	48.85	36.15
2012	7	5	6	31	48	2.98	14	53.95	37.26
2012	7	13	4	3	24	2.879	14	49.44	36.9
2012	7	15	20	12	48	2.475	46	51.6	35.31
2012	7	16	2	25	0	2.778	14	53.14	35.91
2012	7	19	17	1	18	2.778	25	52.69	35.19
2012	7	21	22	43	42	2.475	18	51.88	35.38
2012	7	26	13	36	12	1.97	14	49.7	36.54
2012	7	27	4	16	48	3.586	6	52.12	36
2012	7	28	15	4	30	4.192	7	51.34	36.82
2012	7	29	1	58	18	2.273	14	55.17	37.05
2012	7	29	19	34	0	2.071	14	49.96	36.5
2012	7	31	2	47	24	2.475	14	49.18	36.75
2012	8	3	13	21	24	2.273	14	53.25	35.95
2012	8	4	5	10	54	2.98	7	53.07	35.19
2012	8	4	20	32	36	2.576	14	52.24	35.27
2012	8	4	23	41	42	3.283	16	49.49	37.53
2012	8	6	4	18	18	4.091	14	53.3	35.94
2012	8	7	2	57	24	1.869	11	51.89	35.66
2012	8	7	3	54	24	1.97	6	51.92	35.67
2012	8	7	6	44	30	3.586	14	53.75	36.05
2012	8	9	1	31	48	1.667	31	51.61	35.72
2012	8	10	2	8	0	2.071	14	50.25	36.59
2012	8	13	13	17	42	2.879	15	53.91	35.02
2012	8	15	16	59	30	1.869	14	52.16	35.57
2012	8	17	2	8	36	2.677	14	55.01	36.82
2012	8	18	7	26	36	3.788	9	51.87	35.8
2012	8	20	4	4	18	2.172	14	50.61	36.18
2012	8	21	13	3	54	1.97	46	51.9	35.34
2012	8	22	19	47	54	1.768	46	52.22	35.25
2012	8	23	4	14	30	2.374	6	51.24	36.41
2012	8	24	0	44	0	2.475	14	53.23	35.38
2012	8	27	16	4	48	2.879	17	51	36.66
2012	8	28	4	9	6	1.869	16	49.53	36.24
2012	8	30	10	36	42	1.97	14	49.32	35.75
2012	8	30	22	21	30	2.475	15	54.82	36.74
2012	9	3	9	46	30	2.879	33	52.83	34.85
2012	9	3	14	51	6	2.778	36	52.79	36.33
2012	9	4	11	42	54	2.172	24	52.45	35.39
2012	9	4	18	59	24	3.081	26	54.48	37.27
2012	9	7	23	1	6	2.475	18	48.08	37.74
2012	9	8	21	11	18	2.475	15	54.51	36.42
2012	9	10	0	0	42	2.576	16	53.78	35.17
2012	9	11	0	54	48	1.869	14	49.33	36.02
2012	9	12	17	46	12	2.475	16	52.17	35.19
2012	9	14	3	59	18	2.374	14	52.45	35.91
2012	9	16	6	6	6	2.576	14	54.62	36.41
2012	9	23	4	50	6	2.879	14	53.43	36.5
2012	9	23	12	50	6	1.869	14	51.88	35.9
2012	9	25	7	21	18	1.869	18	51.56	35.65
2012	9	26	21	1	24	1.869	14	52.31	35.65
2012	10	1	11	6	6	2.374	15	49.82	36.68
2012	10	1	23	29	6	3.788	15	54.94	36.66
2012	10	7	1	23	54	2.475	14	52.87	36.89
2012	10	9	3	29	36	3.384	15	54.7	35.32
2012	10	9	18	5	0	3.485	14	53.17	35.48
2012	10	17	6	45	48	1.768	26	51.79	35.21
2012	10	17	8	14	24	2.273	14	49.8	36.64
2012	10	21	1	5	6	2.475	14	52.17	35.22
2012	10	23	21	45	48	1.667	15	51.76	36.04
2012	10	24	1	22	42	2.071	26	51.58	35.71
2012	10	25	1	6	30	2.172	37	53.21	35.99
2012	10	29	11	46	54	3.182	15	49.39	36.96
2012	11	2	7	1	42	3.081	15	53.07	35.89
2012	11	3	8	56	42	2.374	37	51.81	36.44
2012	11	5	12	48	6	2.677	16	48.83	37.49
2012	11	5	12	50	12	2.475	14	53.53	37.08
2012	11	11	0	44	48	2.576	17	52.64	34.84
2012	11	12	11	57	42	3.081	14	54.87	36.7
2012	11	17	1	30	36	2.475	14	49.69	36.63
2012	11	18	16	45	48	1.869	30	49.75	36.67
2012	11	19	21	10	42	2.778	14	54.58	37.27
2012	11	20	8	43	36	2.475	14	49.78	36.69
2012	11	23	23	37	6	3.182	14	53.08	34.74
2012	11	28	22	36	42	2.778	46	52.76	36.33
2012	11	30	10	11	36	2.576	15	54.46	36.95
2012	12	1	16	11	18	3.283	14	53.22	35.77
2012	12	1	23	28	36	2.98	14	49.33	37.07
2012	12	2	14	25	12	3.889	14	55.23	36.8
2012	12	9	0	43	54	2.98	14	54.83	36.57
2012	12	9	7	50	30	3.586	18	49.56	37.55
2012	12	12	2	53	18	2.374	29	52.15	35.17
2012	12	12	23	42	36	3.687	14	53.78	35.97
2012	12	13	20	16	24	2.475	14	51.95	36.46
2012	12	16	22	43	30	3.586	14	49.78	36.7
2012	12	21	4	41	18	4.091	26	54.62	37.11
2012	12	28	7	40	18	1.97	31	49.81	35.66
2012	12	29	10	15	54	2.475	14	52.89	36.75
2012	12	31	17	18	6	3.182	14	48.45	37.67
2013	1	1	18	19	42	3.081	15	52.89	34.78
2013	1	4	2	41	36	2.677	14	48.39	37.43
2013	1	15	8	1	42	2.576	18	49.36	36.88
2013	1	18	4	7	54	2.374	14	49.96	36.65
2013	1	25	4	8	48	2.98	14	48.98	38.02
2013	1	25	6	35	48	2.778	37	49.74	36.62
2013	1	26	7	30	6	2.475	14	51.62	36.31
2013	1	31	3	41	42	2.677	14	49.49	37.58
2013	2	1	8	38	30	3.283	15	53.37	34.86
2013	2	6	16	24	6	2.778	17	49.38	36.91
2013	2	12	6	0	6	2.576	18	50.1	37
2013	2	12	15	3	54	3.081	14	53.7	36.13
2013	2	12	19	9	48	2.071	10	51.24	36.32
2013	2	13	2	42	30	2.374	18	53.16	35.77
2013	2	17	7	25	6	2.475	14	50.5	36.84
2013	2	20	11	14	42	2.172	15	52.08	35.81
2013	2	23	14	19	42	3.081	15	49.31	35.74
2013	2	25	14	15	24	3.283	23	54.92	36.66
2013	2	27	21	26	6	3.182	14	48.43	37.98
2013	3	2	12	26	30	2.374	18	50.56	36.11
2013	3	4	0	21	18	3.384	14	54.48	36.41
2013	3	4	20	30	36	2.879	14	52.31	36.37
2013	3	7	22	7	12	2.273	14	49.4	36.78
2013	3	8	9	30	36	2.576	40	52.96	35.43
2013	3	9	11	20	30	2.071	14	51.99	35.74
2013	3	10	7	54	6	3.081	14	52.12	35.76
2013	3	11	17	6	42	2.879	16	53.2	35.99
2013	3	14	6	27	36	2.475	17	49.86	35.65
2013	3	15	3	12	0	2.576	31	54.18	36.24
2013	3	15	7	11	12	2.273	16	52.22	35.39
2013	3	17	9	33	0	3.384	6	52.31	35.35
2013	3	18	11	11	0	2.475	14	52.5	36.46
2013	3	20	7	24	36	2.475	16	50.97	35.63
2013	3	21	2	39	18	2.374	14	48.99	36.27
2013	3	22	13	4	42	4.798	14	53.69	36.19
2013	3	27	3	11	30	2.576	14	54.91	36.83
2013	4	1	11	12	12	2.475	14	52.75	36.1
2013	4	6	11	7	24	2.576	46	55.14	36.8
2013	4	9	22	49	18	2.879	14	54.48	37.27
2013	4	14	2	48	0	2.879	14	51.31	36.4
2013	4	14	4	30	48	2.778	14	54.81	36.62
2013	4	16	13	7	54	3.081	14	52.8	35.71
2013	4	19	7	12	0	2.778	14	51.98	35.76
2013	4	22	4	47	0	2.778	14	54.67	37.27
2013	4	23	17	23	18	2.778	15	50.2	35.62
2013	5	1	12	30	30	2.576	14	49.68	35.63
2013	5	3	8	26	12	1.566	42	51.33	35.51
2013	5	3	8	27	30	2.879	15	49.63	36.7
2013	5	3	23	36	30	1.768	36	50.22	35.6
2013	5	5	21	51	6	1.566	15	51.41	36.13
2013	5	12	19	30	54	2.576	14	52.01	36.39
2013	5	17	5	51	18	2.778	14	53.22	35.96
2013	5	17	9	48	12	2.677	14	50.3	37.51
2013	5	17	13	51	48	2.273	46	49.51	35.74
2013	5	20	0	7	36	3.586	14	51.95	35.34
2013	5	22	6	25	24	3.283	18	54.55	37.12
2013	5	24	18	49	6	1.869	31	51.23	35.55
2013	5	31	1	2	0	3.485	14	51.67	36.52
2013	5	31	15	28	6	2.172	16	52.47	35.08
2013	6	5	0	9	48	1.768	14	51.8	35.8
2013	6	8	19	1	6	2.071	14	52.54	35.25
2013	6	10	9	47	42	2.273	28	52.31	35.47
2013	6	12	9	37	54	2.879	14	48.39	37.48
2013	6	13	17	9	42	2.273	14	51.3	36.32
2013	6	14	6	22	24	2.576	14	52.05	36.1
2013	6	16	10	27	24	1.869	7	52.2	36.26
2013	6	16	22	40	42	2.576	15	49.43	36.81
2013	6	17	21	39	24	2.576	18	54.39	35.63
2013	6	21	4	59	42	2.273	13	52.44	35.83
2013	6	21	14	8	42	2.273	14	49.89	36.62
2013	6	21	14	13	24	3.081	14	52.4	36.32
2013	6	22	19	19	30	1.566	14	51.89	35.62
2013	6	23	4	48	24	2.475	17	52.42	35.79
2013	6	23	9	44	0	3.788	16	52.45	35.79
2013	6	24	7	11	54	1.97	14	51.22	36.46
2013	6	25	11	46	42	2.677	19	52.37	35.49
2013	6	29	21	5	0	2.273	11	52.27	36
2013	7	1	4	33	12	1.97	38	51.89	35.43
2013	7	1	8	12	30	1.97	14	51.79	36.07
2013	7	3	5	26	24	2.879	14	51.02	35.79
2013	7	6	7	50	6	4.293	17	48.72	37.52
2013	7	9	15	53	30	2.374	18	51.42	36.02
2013	7	13	3	12	54	1.97	23	52	35.95
2013	7	15	23	25	48	3.081	18	54.97	36.75
2013	7	17	0	30	54	2.475	7	52.09	35.87
2013	7	20	21	42	48	2.879	18	54.06	36.51
2013	7	22	15	38	6	1.768	15	50.46	35.75
2013	7	23	21	50	48	2.374	27	52.26	35.33
2013	7	24	4	6	6	3.182	14	51.73	35.27
2013	7	24	4	53	6	3.081	14	52.94	36.02
2013	7	28	8	21	18	2.475	42	51.85	35.52
2013	7	28	13	7	48	2.677	18	51.88	36.36
2013	7	30	19	38	12	1.97	18	51.85	35.69
2013	8	1	16	22	0	2.677	14	49.94	36.61
2013	8	1	23	48	6	2.071	14	51.24	36.16
2013	8	4	1	7	18	4.697	15	53.26	34.86
2013	8	5	4	21	6	2.879	16	55.04	37.14
2013	8	6	3	44	6	2.172	19	52.11	35.45
2013	8	7	3	36	36	1.97	6	52.46	35.87
2013	8	7	16	0	0	2.677	14	52.28	35.83
2013	8	15	1	37	0	1.869	21	52.99	35.48
2013	8	15	4	43	12	1.97	10	52.03	35.78
2013	8	19	19	1	42	2.98	26	53.61	35.38
2013	8	21	2	24	0	2.475	14	51.59	36.54
2013	8	22	4	18	42	2.677	15	49.93	35.68
2013	8	22	20	14	18	3.384	27	51.82	35.39
2013	8	27	10	31	30	2.98	26	52.66	34.84
2013	9	1	17	54	30	2.475	6	50.48	36.44
2013	9	5	8	8	54	1.768	18	51.92	35.8
2013	9	11	15	23	24	1.869	14	51.17	36.46
2013	9	12	11	52	48	2.677	15	48.31	37.59
2013	9	13	8	32	24	3.182	14	51.01	36.66
2013	9	14	8	11	30	3.182	14	51.12	36.44
2013	9	16	1	5	36	3.081	14	54.27	36.41
2013	9	19	15	23	48	2.879	14	53.99	36.15
2013	9	22	11	7	18	2.172	18	51.79	35.51
2013	9	23	5	31	18	2.172	14	49.73	36.68
2013	10	5	4	6	24	2.273	16	49.73	35.63
2013	10	6	4	10	54	2.172	14	51.97	36.34
2013	10	9	7	17	12	3.788	14	52.62	35.46
2013	10	10	0	13	6	2.879	14	50.03	36.6
2013	10	10	1	23	6	2.475	46	52.08	35.69
2013	10	13	21	54	42	3.889	14	48.39	37.63
2013	10	22	4	38	12	3.283	15	49.22	38.1
2013	10	23	3	22	18	2.778	14	49.11	36.92
2013	10	26	15	8	54	1.768	25	51.56	35.72
2013	10	28	7	23	54	1.97	42	52.67	35.15
2013	10	29	1	55	48	1.97	14	52.16	35.23
2013	10	29	9	43	36	2.273	18	52.19	35.23
2013	10	31	7	51	42	2.273	18	52.23	35.25
2013	11	2	0	15	0	1.97	24	51.57	35.68
2013	11	3	3	58	48	2.879	14	50.81	36.85
2013	11	4	12	52	18	2.475	14	52.43	35.93
2013	11	7	20	47	12	2.475	17	54.85	37.12
2013	11	10	1	52	18	2.879	18	52.75	36.35
2013	11	11	1	53	24	2.677	14	52.33	36.41
2013	11	11	4	12	0	2.071	14	50.64	35.71
2013	11	12	0	4	0	2.475	14	51.53	36.49
2013	11	14	9	2	30	2.273	13	52.58	35.61
2013	11	14	23	0	42	3.485	15	54.47	37.26
2013	11	15	8	5	6	3.081	14	50.74	36.8
2013	11	21	15	51	30	2.475	14	51.81	35.85
2013	11	22	12	16	0	2.576	14	49.14	37.66
2013	11	28	10	23	36	2.677	14	49	36.9
2013	11	30	6	25	36	2.374	17	51.86	35.53
2013	11	30	12	39	0	2.677	14	50.7	36.72
2013	12	4	10	48	42	3.182	15	55.31	36.86
2013	12	6	9	28	0	2.778	14	49.8	36.6
2013	12	10	22	5	48	2.576	14	52.88	35.97
2013	12	12	3	11	18	2.677	14	54.89	37.1
2013	12	12	12	20	36	1.566	36	51.64	35.75
2013	12	12	18	5	54	2.475	14	51.43	36.23
2013	12	14	14	16	42	3.182	14	54.94	36.69
2013	12	15	12	47	12	2.071	15	51.59	35.55
2013	12	19	1	32	48	2.677	14	49.79	36.74
2013	12	26	6	58	42	2.475	20	52.26	35.4
2013	12	29	0	17	6	1.869	14	52.16	35.78
2013	12	29	1	48	24	1.768	10	51.93	35.72
2013	12	29	12	50	54	3.283	15	52.7	36.37
2014	1	1	0	46	18	2.273	14	51.47	36.74
2014	1	1	10	52	48	2.98	15	50.4	37.07
2014	1	1	17	16	36	1.566	46	53.17	35.58
2014	1	1	21	44	12	1.667	31	50.7	36.07
2014	1	5	1	9	6	2.879	17	54.48	37.21
2014	1	7	2	26	36	2.677	6	53.06	36.07
2014	1	7	13	24	6	2.172	38	52.05	35.25
2014	1	7	16	40	18	1.97	13	52.48	35.74
2014	1	9	0	1	6	1.667	14	52.2	35.75
2014	1	10	6	14	36	2.374	6	52.33	35.33
2014	1	11	22	56	24	2.576	14	52.51	36.12
2014	1	12	2	46	36	1.97	14	51.78	36.4
2014	1	14	10	21	48	3.283	14	52.78	35.91
2014	1	15	0	21	54	2.475	14	48.81	37.56
2014	1	17	3	46	48	2.071	34	51.57	35.69
2014	1	20	23	22	6	2.374	15	50.1	37.34
2014	1	22	10	15	30	3.889	14	54.84	36.69
2014	1	23	0	25	48	2.778	14	52.34	35.81
2014	1	25	5	12	0	3.384	18	53.2	35.32
2014	1	25	14	35	12	3.788	7	54.68	36.2
2014	1	27	7	23	48	3.081	15	54.36	37.23
2014	1	30	12	18	24	3.99	18	53.3	35.96
2014	1	31	11	24	0	2.879	17	48.26	37.65
2014	2	9	16	0	36	2.98	14	48.65	38.16
2014	2	10	3	3	12	2.172	18	52.21	35.81
2014	2	12	5	13	36	2.172	14	51.4	35.43
2014	2	16	2	33	18	2.475	14	54.52	35.53
2014	2	17	12	21	36	2.98	18	54.44	36.97
2014	2	18	10	50	24	3.485	14	53.64	35.94
2014	2	19	15	23	30	2.98	14	52.39	35.42
2014	3	4	0	11	48	2.879	18	48.69	37.69
2014	3	7	5	40	18	2.778	14	52.61	35.37
2014	3	7	15	6	48	1.869	15	51.29	35.63
2014	3	10	10	9	24	2.273	28	49.16	36.66
2014	3	15	6	23	12	2.273	14	48.8	37.54
2014	3	16	8	49	0	2.374	18	54.04	36.37
2014	3	18	19	37	12	2.172	18	51.21	36.21
2014	3	20	13	22	30	3.485	31	50.51	36.94
2014	3	23	13	23	30	1.768	14	51.22	36.32
2014	3	24	11	20	30	2.475	15	53.92	37.18
2014	3	26	1	52	36	1.97	14	49.16	35.82
2014	3	31	2	7	18	3.384	18	53.96	37.15
2014	3	31	10	22	6	4.091	14	54.03	37.37
2014	3	31	16	33	36	2.98	6	51.94	35.24
2014	4	4	10	0	42	2.98	17	50.22	37.21
2014	4	5	18	41	42	3.485	14	53.81	35.23
2014	4	6	15	37	24	3.081	15	54.11	36.06
2014	4	9	14	4	0	3.283	14	53.12	35.82
2014	4	11	0	2	0	2.576	42	53.78	36.09
2014	4	13	8	46	30	2.778	15	51.68	35.83
2014	4	15	2	10	54	3.283	15	52.6	34.84
2014	4	15	21	16	54	2.576	44	50.67	36.82
2014	4	16	18	34	6	3.081	14	52.98	34.85
2014	4	26	2	56	18	2.778	14	54.79	36.39
2014	5	1	19	1	42	3.182	18	53.83	36.13
2014	5	2	14	55	12	2.576	17	51.95	35.45
2014	5	4	7	10	6	2.273	14	50.74	36.78
2014	5	5	1	52	42	2.879	14	50.96	35.58
2014	5	7	2	7	0	2.576	38	54.39	36.99
2014	5	10	4	53	48	3.99	14	52.06	36.1
2014	5	10	15	2	36	1.364	14	51.92	35.25
2014	5	10	18	16	48	1.869	14	50.16	35.74
2014	5	10	22	47	42	2.475	32	49.31	36.86
2014	5	14	22	33	54	2.879	15	48.69	37.53
2014	5	18	19	29	0	3.182	16	54.29	35.99
2014	5	18	21	2	48	2.576	18	54.87	36.75
2014	5	19	1	48	24	2.677	45	51.21	37.19
2014	5	23	23	54	6	1.768	16	52.21	35.76
2014	5	26	16	4	48	2.071	14	54.97	36.7
2014	5	26	20	12	36	2.374	16	51.36	36.1
2014	5	27	9	36	30	1.667	16	51.97	35.64
2014	5	27	11	23	30	2.273	41	53.07	36.73
2014	6	2	10	9	36	3.384	6	49.87	36.6
2014	6	5	12	36	12	2.98	18	53.16	35.42
2014	6	8	6	29	36	3.586	17	55	36.7
2014	6	11	4	9	6	3.586	14	52.82	35.93
2014	6	13	12	25	12	4.293	14	55.12	37.04
2014	6	16	20	43	54	3.182	16	54.27	35.63
2014	6	17	8	47	42	3.283	15	53.55	35.09
2014	6	23	20	13	24	2.98	14	50.01	36.57
2014	6	24	8	41	30	1.566	17	51.07	35.48
2014	6	26	22	8	36	2.98	14	54.58	37.44
2014	7	1	11	38	6	2.677	18	54.51	36.77
2014	7	2	18	46	18	3.283	14	49.63	37.14
2014	7	6	6	14	54	3.081	14	52.62	35.63
2014	7	7	4	25	42	3.586	14	50.52	37.08
2014	7	11	4	9	42	3.283	14	54.11	36.55
2014	7	11	10	52	12	3.586	14	49.44	36.89
2014	7	14	5	14	0	1.97	14	50.83	36.43
2014	7	14	19	26	54	3.182	16	48.62	37.96
2014	7	16	17	44	30	3.485	15	54.67	36.71
2014	7	21	21	59	42	2.98	14	49.79	37.19
2014	7	22	16	51	30	2.374	14	53.82	36.96
2014	7	24	22	7	18	3.384	14	52.48	35.79
2014	7	28	10	19	36	2.677	15	52.71	34.81
2014	8	7	13	6	30	2.172	15	50.66	36.43
2014	8	13	9	49	24	2.172	18	50.69	36.45
2014	8	15	1	13	0	3.384	18	54.69	36.64
2014	8	17	19	14	24	2.374	15	50.38	36.79
2014	8	17	23	10	0	2.071	15	49.63	36.73
2014	8	18	2	49	6	3.283	14	48.81	37.64
2014	8	18	7	56	54	4.192	6	52.3	36.02
2014	8	31	9	4	6	2.576	14	51.5	36.26
2014	8	31	19	35	12	2.475	17	52.9	35.14
2014	9	7	0	27	30	3.182	14	54.58	36.32
2014	9	7	10	22	6	4.596	17	54.78	36.55
2014	9	17	15	43	42	4.091	6	53.2	35.98
2014	9	18	8	18	24	3.081	14	54.26	36.55
2014	9	19	8	13	48	2.677	14	53.05	35.44
2014	9	19	10	37	36	2.374	14	51.91	35.99
2014	9	21	10	1	42	2.374	14	50.89	36.65
2014	9	24	12	11	54	1.869	14	51.55	35.63
2014	9	27	8	18	42	3.485	15	48.47	37.66
2014	9	27	16	44	6	3.485	14	54.52	35.41
2014	10	9	12	27	54	1.869	15	51.88	35.5
2014	10	11	11	16	24	1.869	41	49.43	36.17
2014	10	12	15	51	30	2.576	15	50.79	36.75
2014	10	15	16	3	30	2.172	18	50.88	35.78
2014	10	20	1	40	48	2.778	14	48.27	37.68
2014	10	22	19	2	12	2.172	14	51.41	36.08
2014	10	22	22	1	6	3.182	14	53.81	37.01
2014	11	2	12	48	48	2.677	42	48.49	37.58
2014	11	9	23	39	12	3.788	15	53.95	36.46
2014	11	11	20	5	0	2.071	6	51.61	36.08
2014	11	13	1	24	48	1.566	14	51.98	35.77
2014	11	13	16	17	6	2.071	18	51.65	35.64
2014	11	13	16	37	24	3.485	14	54.25	35.35
2014	11	18	10	30	48	2.172	16	51.25	36.8
2014	11	18	22	50	24	3.283	14	52.96	35.93
2014	11	23	7	39	12	3.788	15	50.3	37.11
2014	11	23	21	54	30	3.283	15	47.73	37.24
2014	11	26	3	3	42	2.475	16	52.38	35.36
2014	11	26	6	36	0	3.788	14	52.29	35.33
2014	11	26	17	49	18	2.273	9	51.92	35.73
2014	12	4	15	36	54	1.566	14	50.92	36.75
2014	12	5	0	58	42	1.768	14	51.56	35.66
2014	12	7	0	14	24	2.273	37	52.75	36.52
2014	12	7	1	29	48	3.99	15	53.95	36.96
2014	12	9	3	21	54	2.172	14	51.48	36.46
2014	12	9	12	37	6	2.374	35	47.99	37.59
2014	12	9	19	46	48	1.97	14	52.22	35.9
2014	12	11	5	35	36	1.869	14	52.75	35.85
2014	12	18	1	11	18	3.081	15	49.72	36.75
2014	12	24	16	36	54	3.081	14	53.9	35.68
2014	12	27	13	5	30	2.071	14	51.85	36.3
2014	12	29	10	51	24	1.97	15	51.55	35.64
2014	12	30	16	29	12	2.879	9	51.52	36.38
2015	1	2	8	6	6	2.374	14	50.92	36.81
2015	1	4	1	19	48	3.081	14	53.54	36.1
2015	1	4	2	17	6	2.172	14	50.97	36.66
2015	1	4	8	21	0	2.273	15	50.98	36.93
2015	1	4	18	54	12	2.778	14	49.19	38.08
2015	1	5	7	11	30	1.768	14	51.61	35.73
2015	1	6	3	7	6	2.778	27	50.53	37.28
2015	1	6	19	33	48	4.192	15	54.52	37.18
2015	1	8	5	17	48	2.374	14	52.89	35.82
2015	1	8	13	1	24	1.97	22	52.45	35.9
2015	1	11	0	11	48	2.475	8	48.96	36.98
2015	1	17	0	18	6	2.98	16	48.86	38.44
2015	1	20	4	2	24	2.778	14	50.1	37.31
2015	1	21	9	57	12	2.677	27	50.08	37.56
2015	1	21	20	50	48	3.283	14	54.87	36.74
2015	1	23	1	11	36	2.778	14	53.65	35.94
2015	1	23	1	55	12	2.677	24	51.99	36.1
2015	1	23	6	3	30	2.879	6	53.27	36.02
2015	1	29	14	23	0	2.98	26	48.98	38.26
2015	1	31	11	21	42	1.465	18	51.39	35.45
2015	2	5	12	14	18	1.768	14	49.23	35.77
2015	2	6	10	39	54	1.667	14	51.99	35.38
2015	2	8	2	16	6	1.97	15	51.76	35.64
2015	2	12	9	39	42	2.475	14	53.07	36.71
2015	2	22	18	22	42	3.788	18	51	36.83
2015	2	24	8	55	6	2.98	15	52.96	36.16
2015	2	24	10	59	24	1.97	18	52.48	35.31
2015	2	27	16	12	6	2.475	21	52.31	36.48
2015	3	1	5	33	12	2.879	14	53.77	36.2
2015	3	2	12	47	36	3.99	17	54.19	36.29
2015	3	2	22	32	54	2.273	11	51.72	36.48
2015	3	3	14	37	18	3.586	14	52.85	36.87
2015	3	4	9	16	6	1.869	17	51.51	35.55
2015	3	5	6	12	0	2.475	15	52.63	35.35
2015	3	13	18	35	30	4.697	14	49.11	38.21
2015	3	14	1	9	0	1.869	14	51.55	35.57
2015	3	16	0	34	12	3.283	17	49.04	37.87
2015	3	16	5	34	54	3.889	15	53.6	35.87
2015	3	17	2	3	48	2.273	18	49.82	36.34
2015	3	17	19	40	12	1.566	10	50.99	36.08
2015	3	18	8	0	18	2.273	14	52.51	35.28
2015	3	18	15	36	30	1.97	14	52.2	35.3
2015	3	18	16	40	12	1.465	14	51.57	35.62
2015	3	18	18	4	18	2.172	17	52.11	35.53
2015	4	1	18	50	18	2.273	14	52.17	35.3
2015	4	3	9	37	30	2.778	14	55.25	36.78
2015	4	5	4	33	6	2.273	18	53.65	35.25
2015	4	6	13	11	48	2.677	14	54.95	36.7
2015	4	6	19	15	0	3.081	14	52.26	35.24
2015	4	6	21	17	30	2.98	14	54.76	36.53
2015	4	7	4	44	24	2.273	16	50.01	35.68
2015	4	8	8	32	18	2.677	14	50.01	35.69
2015	4	8	11	34	24	3.081	14	53.68	36.23
2015	4	9	7	50	12	2.273	14	52.17	35.81
2015	4	10	10	30	12	2.374	14	51.85	35.5
2015	4	11	8	26	36	2.879	14	51.07	36.58
2015	4	15	2	57	54	2.879	14	48.15	37.67
2015	4	16	5	8	36	2.475	14	49.47	36.66
2015	4	16	10	35	12	3.283	14	48.82	37.43
2015	4	17	21	36	54	2.677	14	52.89	36.79
2015	4	19	16	59	0	2.273	15	49.4	37.07
2015	4	22	14	19	18	1.869	14	51.75	35.8
2015	4	23	16	52	6	3.283	14	50.01	35.69
2015	5	1	13	56	24	2.172	46	52.8	35.08
2015	5	3	18	52	42	2.475	16	51.64	35.56
2015	5	4	17	2	48	1.869	25	50.8	35.84
2015	5	5	0	58	48	2.778	15	55.27	36.84
2015	5	7	13	56	6	2.677	31	54.75	37.07
2015	5	7	17	44	18	3.081	16	53.26	34.8
2015	5	9	10	22	36	2.677	14	53.38	36.19
2015	5	9	13	5	36	3.586	6	48.43	37.64
2015	5	10	8	58	18	4.495	16	49.86	36.75
2015	5	14	15	34	30	1.768	14	52.09	35.88
2015	5	17	2	10	36	2.677	14	54.58	36.71
2015	5	18	2	55	12	3.384	14	48.94	37.26
2015	5	19	9	19	54	2.677	14	53.88	36
2015	5	20	3	41	36	3.384	14	52.94	35.93
2015	5	21	17	41	36	2.475	15	54.98	36.85
2015	5	25	19	23	48	3.283	14	51.64	36.05
2015	5	28	0	6	42	2.98	15	53.35	35.98
2015	6	2	16	32	54	1.97	14	52.11	35.78
2015	6	3	4	44	42	1.768	15	52.09	35.73
2015	6	3	21	5	6	2.071	14	51.98	36.69
2015	6	4	12	29	6	2.475	16	51.54	35.81
2015	6	6	0	43	36	2.778	14	53.1	36.58
2015	6	11	0	12	18	2.576	6	52.37	36.52
2015	6	11	10	16	30	2.778	14	53.42	35.96
2015	6	15	14	11	18	2.677	14	49.55	35.64
2015	6	15	22	30	48	2.576	18	54.23	36.88
2015	6	17	20	21	6	2.576	14	52.03	36.51
2015	6	21	18	59	24	2.475	15	51.95	35.98
2015	6	22	11	22	24	2.475	14	54.07	35.63
2015	6	25	16	31	36	3.788	18	53.25	35.29
2015	6	26	20	50	6	3.283	14	50.22	37.16
2015	6	27	12	3	0	2.778	14	48.58	37.75
2015	6	27	20	31	0	3.283	6	52.9	36.09
2015	7	7	16	43	42	2.677	17	53.465	35.883
2015	7	16	8	21	24	3.182	15	54.989	37.119
2015	7	18	15	54	30	2.879	15	54.18	35.776
2015	7	21	14	25	42	2.778	18	54.259	36.689
2015	7	24	9	46	6	3.081	15	54.428	36.48
2015	7	27	13	6	48	3.586	15	52.854	35.909
2015	7	28	12	4	18	2.98	14	51.148	36.83
2015	7	30	19	25	12	2.677	14	52.047	35.127
2015	7	30	23	8	18	3.283	14	48.773	37.526
2015	8	3	8	54	36	3.081	14	51.585	36.055
2015	8	7	10	50	36	2.879	14	54.735	36.786
2015	8	9	3	3	24	2.172	37	49.158	36.866
2015	8	11	8	5	12	2.677	14	53.258	36.138
2015	8	12	3	11	54	2.576	14	49.797	35.664
2015	8	12	8	36	54	2.677	15	51.977	36.402
2015	8	12	9	37	18	2.374	26	51.933	35.207
2015	8	13	18	37	36	2.172	14	51.925	35.153
2015	8	14	18	11	42	4.091	9	51.919	35.185
2015	8	17	3	5	42	2.677	14	53.772	36.205
2015	8	20	14	59	18	2.677	14	48.366	37.47
2015	8	24	23	45	54	3.99	15	55.151	36.861
2015	8	25	3	16	42	1.97	14	52.54	35.619
2015	8	25	4	49	12	2.172	14	52.601	35.658
2015	8	25	6	27	0	3.687	15	48.846	37.519
2015	8	26	12	34	24	4.596	17	52.579	35.563
2015	8	28	20	58	18	3.485	17	50.541	36.902
2015	8	30	9	18	12	2.778	15	53.63	35.93
2015	8	30	22	33	42	2.374	14	52.069	35.768
2015	9	1	3	38	18	2.273	6	50.8	36.2
2015	9	5	0	20	12	2.475	15	53.289	34.983
2015	9	5	6	54	0	2.475	14	53.163	35.046
2015	9	5	11	11	48	2.172	14	49.884	36.67
2015	9	5	11	41	42	3.384	15	53.223	35.002
2015	9	5	11	49	12	3.182	14	52.467	36.234
2015	9	6	8	0	30	2.475	17	53.363	36.001
2015	9	7	2	47	36	3.081	14	47.979	37.59
2015	9	7	5	18	12	2.475	14	53.615	36.172
2015	9	7	17	18	48	3.182	18	51.033	36.717
2015	9	11	1	59	18	1.97	6	48.376	36.522
2015	9	11	2	19	0	2.273	18	53.086	36.247
2015	9	11	4	19	0	2.475	14	48.826	37.124
2015	9	11	19	44	48	1.97	18	51.737	35.716
2015	9	12	2	2	36	2.98	14	51.36	36.61
2015	9	15	5	58	54	2.677	14	53.531	37.253
2015	9	15	6	36	24	2.071	15	49.818	36.664
2015	9	15	6	42	12	1.97	18	53.459	35.767
2015	9	16	11	49	48	4.697	17	54.352	37.322
2015	9	17	7	7	42	2.475	15	51.939	36.357
2015	9	18	22	7	48	1.869	14	51.897	35.866
2015	9	19	9	30	12	2.98	14	53.727	35.979
2015	9	21	0	50	18	3.182	15	51.952	35.784
2015	9	22	9	11	0	2.576	17	54.829	37.051
2015	9	23	23	29	48	1.97	15	49.72	35.624
2015	9	24	8	16	12	2.576	14	49.826	36.426
2015	9	25	22	48	18	3.081	14	53.285	35.935
2015	9	27	0	55	30	2.778	10	50.52	36.126
2015	9	27	17	7	54	2.071	14	53.187	35.043
2015	9	27	22	16	18	1.768	16	49.556	36.7
2015	9	29	9	55	48	1.97	15	53.162	34.953
2015	9	29	10	0	0	2.475	18	50.009	37.217
2015	9	29	14	49	36	2.071	14	49.792	36.653
2015	9	30	12	31	48	2.172	14	53.238	34.988
2015	9	30	14	39	18	2.071	14	53.222	34.987
2015	9	30	21	4	48	2.677	14	53.159	35.042
2015	10	1	8	27	30	1.768	14	53.217	34.855
2015	10	1	17	7	48	2.273	14	52.457	36.319
2015	10	2	7	35	6	2.576	14	48.893	37.43
2015	10	3	8	45	30	1.768	14	49.246	35.768
2015	10	4	2	18	12	2.576	14	49.863	36.685
2015	10	4	22	49	24	1.869	6	50.834	35.931
2015	10	7	7	26	42	1.869	18	53.936	35.603
2015	10	9	2	39	30	1.566	14	51.914	35.452
2015	10	10	3	47	36	2.475	14	50.982	36.462
2015	10	11	10	23	36	2.677	14	54.474	36.544
2015	10	11	11	30	36	3.384	14	48.42	38.047
2015	10	11	17	36	12	1.97	17	52.981	36.161
2015	10	16	2	48	18	2.374	16	49.82	35.627
2015	10	18	7	38	12	2.475	17	53.132	34.964
2015	10	21	14	15	12	3.788	14	53.22	34.776
2015	10	30	3	34	24	2.576	14	50.25	37.24
2015	11	2	8	36	42	2.576	14	54.419	36.532
2015	11	5	21	30	18	2.778	18	53.216	35.052
2015	11	6	21	26	12	3.586	14	53.567	36.081
2015	11	10	5	25	42	2.677	14	53.564	36.673
2015	11	10	8	8	54	2.374	7	55.087	36.824
2015	11	14	13	52	36	2.071	14	55.091	36.841
2015	11	15	2	18	0	2.475	14	50.442	36.16
2015	11	15	4	28	0	1.768	16	55.163	36.82
2015	11	15	7	9	36	3.182	16	55.04	36.754
2015	11	18	2	20	36	2.475	14	52.276	36.494
2015	11	19	13	15	30	2.576	14	53.16	36.145
2015	11	27	8	35	6	2.273	14	54.498	36.872
2015	11	29	1	24	24	2.677	14	49.219	38.23
2015	12	6	7	29	36	2.071	6	52.001	35.984
2015	12	16	6	33	6	2.475	14	53.006	34.736
2015	12	18	11	6	42	2.576	14	48.478	37.488
2015	12	22	8	4	36	3.485	15	53.167	36.06
2015	12	24	17	35	36	2.475	6	50.978	36.778
2015	12	25	17	27	54	3.283	14	48.626	37.521
2015	12	28	8	21	42	3.889	14	53.175	35.274
