2005	1	6	11	14	18	2.778	14	47.61	37.79
2005	1	17	9	24	36	3.687	14	46.93	37.86
2005	1	19	17	21	0	3.687	24	48.61	39.69
2005	1	30	6	46	36	3.889	14	44.58	38.94
2005	2	2	6	16	18	2.677	46	46.77	38.11
2005	3	6	21	4	30	3.182	22	48.44	39.87
2005	3	7	5	38	42	3.687	28	48.57	38.86
2005	3	22	4	17	54	3.586	18	48.03	38.07
2005	3	30	20	43	24	2.677	14	44.79	38.75
2005	4	23	6	53	54	3.687	14	44.48	39.48
2005	5	10	7	55	0	3.081	32	48.03	38.18
2005	5	11	10	16	18	2.475	15	47.26	37.81
2005	5	28	11	6	48	4.394	37	48.68	38.67
2005	6	9	3	16	12	3.99	18	46.84	37.99
2005	7	11	5	22	48	3.687	18	44.74	38.89
2005	7	12	6	26	0	3.081	14	44.94	39.77
2005	8	3	15	23	0	3.586	14	46.84	38
2005	8	12	22	52	54	3.889	14	47.3	40.2
2005	8	23	14	1	0	3.283	16	45.66	38.23
2005	8	27	18	26	18	2.576	16	47.93	38.2
2005	9	1	17	8	24	3.485	7	44.66	39.41
2005	9	16	3	57	24	3.687	18	47.19	37.96
2005	9	23	10	0	54	2.98	14	45.11	38.88
2005	9	29	2	9	0	3.384	14	46.08	39.56
2005	10	21	17	22	12	3.788	46	48.01	39.88
2005	11	16	20	27	42	2.98	40	49.03	38.84
2005	11	23	4	42	24	2.475	15	47.5	39.15
2006	1	15	9	16	36	3.586	15	47.78	38.13
2006	4	12	2	32	30	3.283	18	48.94	39.23
2006	5	10	20	24	30	3.99	15	44.36	39.43
2006	5	25	4	4	42	3.485	15	47.45	38.32
2006	5	28	11	31	30	3.99	14	45.18	38.57
2006	6	11	3	12	18	2.475	17	46.11	39.25
2006	6	12	9	49	12	2.98	34	46.21	39.65
2006	6	21	7	4	0	2.98	18	47.23	37.95
2006	6	23	12	11	54	3.283	15	44.45	38.83
2006	7	20	7	45	48	2.879	26	45.92	38.63
2006	7	31	3	11	54	3.788	14	44.91	38.53
2006	8	12	2	55	42	3.182	18	45.56	38.93
2006	8	14	5	15	6	3.283	14	45.52	38.42
2006	9	7	14	17	30	3.586	21	48.53	39.68
2006	10	12	17	37	6	3.687	14	44.48	39.19
2006	10	20	8	46	54	3.182	14	46.99	40.31
2006	10	22	16	47	18	3.788	14	44.85	39.08
2006	11	12	17	53	0	2.98	14	47.78	37.72
2006	11	14	5	22	30	2.374	14	47.74	38.32
2006	12	2	23	53	18	3.889	15	48.22	38.38
2006	12	3	15	40	30	3.99	15	45.18	38.77
2007	1	6	4	48	24	3.788	15	46.01	38.86
2007	1	12	0	19	30	3.687	14	45.09	40.03
2007	1	15	7	50	6	3.687	30	48.38	38.93
2007	1	18	5	27	12	2.475	6	48.18	38.22
2007	1	22	14	57	12	4.293	14	42.9	39.84
2007	2	24	9	6	0	3.182	15	46.88	37.86
2007	3	20	17	11	36	3.788	18	44.61	39.33
2007	3	30	4	38	24	3.182	14	48.58	38.56
2007	4	2	9	57	30	2.778	14	44.76	38.08
2007	4	10	2	49	24	4.192	14	44.52	38.98
2007	5	10	8	50	48	3.586	17	45.46	38.58
2007	6	2	23	43	48	3.687	14	43.74	39.11
2007	7	13	3	12	54	4.899	27	48.71	38.87
2007	7	18	0	14	18	3.283	14	46.85	38.31
2007	8	11	22	54	0	2.98	16	46.59	38.3
2007	9	16	20	0	12	3.889	18	46.36	38.2
2007	9	21	9	51	30	3.889	15	46.78	40.25
2007	9	30	4	32	18	2.475	14	48.1	38.05
2007	10	21	23	56	18	2.576	14	47.35	37.84
2007	11	9	19	16	36	3.182	14	48.5	38.54
2007	11	19	18	49	30	3.283	36	48.05	38.37
2007	12	2	1	19	12	2.677	6	48.83	38.9
2007	12	2	21	9	42	4.394	14	46.48	38.23
2007	12	5	4	53	30	3.081	18	48.24	39.21
2007	12	5	14	4	18	2.778	15	47.05	38.36
2008	1	8	17	38	24	2.778	17	48.5	39.12
2008	1	21	11	28	36	2.475	15	45.52	38.55
2008	1	30	20	24	36	2.475	15	45.61	38.76
2008	2	2	9	0	30	3.485	20	48.42	39.54
2008	2	6	18	18	48	3.788	14	46.29	40.04
2008	2	16	4	37	48	3.99	14	45.23	38.48
2008	3	3	0	8	48	2.778	14	44.59	38.86
2008	3	14	9	33	0	3.687	14	44.72	39.03
2008	3	23	2	55	6	2.475	18	48.46	38.77
2008	4	3	19	50	42	3.687	18	44.89	38.52
2008	4	16	1	56	12	2.576	14	47.58	37.77
2008	4	24	5	30	30	3.182	17	45.47	38.61
2008	5	31	1	58	54	3.081	15	47.66	37.68
2008	6	12	6	29	36	4.293	15	48.89	38.85
2008	7	3	18	34	54	3.384	14	43.96	37.72
2008	7	14	4	38	30	2.98	40	48.3	40.08
2008	8	15	5	44	18	3.485	14	45.39	38.79
2008	9	2	0	51	54	4.899	18	45.92	38.99
2008	9	8	10	38	12	2.576	14	45.03	38.42
2008	9	17	13	12	24	2.576	35	46.9	38.35
2008	9	22	23	9	48	2.778	14	47	37.97
2008	10	4	17	52	0	4.091	18	44.58	38.06
2008	10	14	3	17	18	3.081	15	46.85	38.52
2008	11	8	14	36	12	3.081	15	46.6	38.87
2008	12	20	14	35	12	2.98	15	48.78	38.77
2009	1	15	16	57	18	2.475	14	46.86	38.03
2009	2	10	10	50	48	2.98	14	44.53	39.38
2009	2	24	11	59	6	3.283	17	48.55	38.54
2009	2	25	19	24	30	3.182	24	44.28	38.63
2009	2	26	4	49	48	3.485	54	43.59	38.84
2009	4	22	2	23	18	3.485	14	48.71	38.65
2009	4	25	4	48	30	3.586	14	45.22	38.51
2009	5	18	3	55	30	2.778	20	48.65	38.69
2009	6	16	21	18	36	3.687	15	48.27	38.69
2009	7	1	12	11	42	3.99	30	48.88	39.78
2009	7	7	0	24	0	3.687	14	43.64	39.17
2009	7	8	5	50	0	3.283	14	45.34	38.43
2009	7	12	15	13	54	3.485	14	48.65	38.51
2009	7	26	17	55	24	2.98	18	44.14	38.5
2009	8	7	17	52	24	2.778	15	47.85	38.03
2009	9	3	5	1	54	2.879	14	44.7	38.45
2009	9	5	8	13	54	2.778	14	48.51	38.96
2009	10	4	15	2	36	2.677	15	46.95	38.37
2009	10	25	6	36	0	3.384	34	47.89	39.33
2009	11	13	12	24	36	3.182	15	44.36	38.72
2009	11	18	3	45	42	3.081	39	48.71	38.79
2009	11	23	5	21	42	3.788	14	46.94	37.9
2009	12	13	13	4	36	2.778	18	44.8	38.4
2009	12	30	10	16	0	2.576	28	47.9	39.2
2010	2	2	16	29	12	4.293	14	46.98	37.92
2010	2	6	0	18	24	2.677	14	48.66	38.68
2010	2	10	4	29	18	3.081	14	46.87	38.74
2010	2	22	0	9	42	3.586	14	46.96	40.42
2010	8	20	5	57	24	2.677	14	45.22	38.46
2010	9	12	1	52	48	3.283	43	48.58	38.5
2010	10	10	10	13	24	3.182	30	48.59	38.99
2010	10	17	20	35	12	3.384	14	47.9	40.2
2010	11	6	5	16	6	3.687	18	44.5	39.06
2010	12	6	16	8	48	3.586	14	44.48	39.12
2010	12	21	11	7	48	3.384	14	45.37	38.59
2011	1	14	21	43	24	3.586	14	45.46	38.58
2011	1	15	3	43	18	3.182	14	46.56	40.64
2011	1	26	8	11	42	3.586	18	44.83	38.84
2011	1	30	5	39	6	2.475	14	46.42	38.5
2011	1	31	19	41	12	3.485	26	47.94	39.52
2011	3	16	9	13	24	4.293	14	44.36	38.72
2011	3	27	4	15	6	4.293	14	47.43	39.42
2011	4	1	14	16	6	2.576	14	47.07	37.91
2011	4	5	3	30	54	3.081	14	48.63	38.64
2011	5	17	1	26	24	3.485	34	45.28	39.28
2011	5	24	1	23	36	3.182	43	47.81	38.31
2011	5	26	21	41	42	2.98	16	48.62	38.6
2011	6	6	23	38	48	2.677	14	47.44	37.78
2011	7	10	11	46	12	3.485	42	47.52	37.9
2011	7	10	23	3	6	3.485	14	44.41	38.66
2011	7	13	10	30	24	3.182	40	48.8	38.92
2011	7	13	16	18	36	4.293	14	48.84	39.6
2011	7	25	9	23	30	3.485	15	47.96	37.94
2011	8	17	3	11	30	2.879	47	48.12	38.22
2011	9	8	4	31	18	2.879	15	46.01	38.33
2011	10	9	17	8	48	3.384	14	46.18	40.13
2011	12	21	12	24	30	2.778	14	44.08	38.56
2011	12	31	13	15	18	3.586	14	44.24	38.47
2012	1	5	8	30	48	3.586	14	47.81	38.24
2012	1	16	7	51	48	3.687	14	44.7	37.94
2012	1	17	5	57	24	2.576	14	48.76	38.73
2012	1	29	14	57	0	3.889	23	43.31	39.12
2012	2	4	19	33	18	3.889	32	48.5	38.35
2012	2	5	15	58	0	2.879	16	45.7	38.43
2012	2	9	11	31	0	3.485	14	48.33	38.12
2012	3	3	0	42	30	2.273	59	47.38	37.76
2012	3	12	4	20	42	3.384	17	43.97	38.72
2012	4	13	4	50	42	3.586	14	44.21	39.1
2012	4	29	22	50	36	2.879	14	45.6	38.41
2012	5	4	23	26	18	2.879	14	44.64	38.38
2012	5	6	0	35	18	1.869	14	46.36	38.14
2012	5	15	22	23	6	3.485	14	48.54	38.5
2012	5	19	9	49	12	2.98	18	42.89	39.02
2012	6	11	6	20	48	3.384	14	48.5	38.65
2012	6	25	22	29	12	2.576	14	47.51	39.18
2012	6	28	1	0	54	2.576	14	45.01	38.51
2012	6	29	21	36	12	3.485	14	47.81	37.77
2012	7	1	23	40	30	3.182	14	48.58	38.72
2012	7	30	3	55	42	3.687	14	44.65	39.35
2012	8	11	23	16	12	6.137	15	46.87	38.55
2012	8	19	8	24	30	3.889	14	43.73	39.54
2012	8	30	15	33	54	3.788	20	49.03	38.78
2012	9	12	11	13	6	2.879	15	48.42	38.48
2012	9	30	14	54	24	3.586	14	46.5	40.19
2012	10	11	11	11	48	2.98	14	47.32	40.65
2012	11	4	20	4	54	3.081	14	48.16	37.98
2012	11	8	2	35	12	2.778	14	48.56	38.52
2012	11	26	13	43	0	3.788	27	49.11	38.86
2012	11	29	10	44	18	3.182	14	44.66	38.71
2012	12	24	14	57	24	4.596	14	44.92	38.5
2012	12	27	3	8	30	2.677	18	44.27	37.95
2013	1	1	9	59	6	3.182	14	45.46	39.03
2013	1	16	11	28	12	2.374	14	46.84	38.01
2013	1	17	11	3	42	2.879	18	48.22	38.54
2013	2	9	1	57	6	2.374	14	47.1	37.87
2013	2	12	0	17	6	3.687	17	43.04	38.75
2013	2	12	11	17	24	2.172	14	47.07	37.88
2013	2	24	17	32	12	3.182	18	44.47	39.09
2013	2	26	16	38	42	2.273	18	48.15	38.14
2013	4	19	15	37	48	4.798	14	45.35	38.43
2013	4	23	1	23	0	4.091	15	48.72	39.17
2013	5	29	15	27	54	2.273	14	46.84	37.96
2013	6	16	6	49	6	3.081	15	48.15	38.15
2013	6	18	10	5	12	3.889	14	48.73	38.77
2013	6	25	22	24	24	3.889	14	44.72	38.74
2013	8	1	10	2	6	3.889	17	47.28	37.9
2013	8	12	2	34	48	3.182	16	48.53	38.28
2013	8	21	0	24	42	3.081	14	47.83	37.75
2013	10	23	8	53	18	2.576	14	44.74	38.7
2013	11	8	12	35	0	4.495	15	47.27	37.86
2013	11	9	21	4	12	3.687	14	44.89	38.44
2013	11	19	8	49	24	3.586	14	48.13	38.08
2013	11	23	6	52	54	3.283	27	49.28	39.38
2013	12	11	16	22	6	3.182	36	48.8	38.63
2013	12	12	4	48	30	2.273	14	48.43	38.34
2014	2	4	4	19	42	3.283	14	47.26	37.84
2014	2	20	3	34	42	4.192	14	43.57	38.78
2014	2	25	16	50	18	3.182	6	44.43	39.39
2014	2	27	5	13	18	4.091	22	48.54	38.53
2014	3	3	14	46	24	2.778	14	45.08	38.31
2014	3	23	6	50	24	2.98	14	47.11	37.87
2014	4	1	3	58	42	3.889	14	46.83	38.44
2014	4	18	13	3	6	2.576	14	44.82	38.6
2014	5	6	9	0	36	3.283	14	44.94	38.56
2014	5	9	6	15	6	3.889	14	46.82	38.44
2014	5	16	13	21	24	2.98	14	48.37	38.22
2014	5	22	8	28	6	2.879	14	44.64	38.38
2014	5	23	4	49	18	3.384	14	48.56	38.66
2014	5	27	16	14	48	3.889	18	43.44	38.93
2014	7	8	11	19	0	2.576	14	48.7	38.56
2014	7	8	11	54	6	2.576	18	47.31	37.84
2014	7	24	8	33	42	2.576	14	46.93	38.44
2014	8	6	9	47	0	2.778	14	46.86	38.28
2014	8	8	2	53	54	3.687	17	48.7	38.45
2014	8	10	5	24	18	3.586	15	46.7	38.46
2014	8	30	3	29	48	3.687	23	47.8	40.3
2014	9	10	5	7	48	2.374	14	47.15	37.8
2014	9	12	4	40	6	3.384	14	46.96	38.36
2014	9	19	5	11	54	4.394	34	48.59	38.74
2014	9	19	12	57	54	2.374	14	46.57	38.5
2014	10	23	8	47	12	2.677	14	46.98	38.39
2014	11	25	1	48	12	2.98	15	46.68	38.44
2014	12	15	5	55	12	3.99	16	45.09	38.71
2015	1	21	5	53	0	3.485	14	46.65	37.9
2015	1	24	17	42	36	4.394	14	47.07	38.08
2015	3	2	9	34	48	3.081	14	46.65	38.6
2015	4	12	8	11	0	2.576	14	47.12	38.48
2015	5	18	6	23	54	3.081	14	48.74	38.54
2015	6	18	18	35	36	3.081	15	47.58	37.95
2015	8	7	6	7	54	3.687	14	46.688	38.423
2015	8	16	23	32	24	3.687	14	43.976	39.357
2015	8	25	3	17	30	3.788	14	42.983	38.678
2015	8	26	2	18	24	2.677	18	45.101	38.51
2015	8	30	1	16	30	2.475	14	46.891	38.185
2015	9	16	12	18	48	4.091	14	44.599	38.689
2015	9	17	15	38	18	2.677	20	48.116	38.106
2015	9	22	11	11	6	2.98	14	43.516	38.953
2015	10	11	18	23	48	2.778	21	44.244	39.098
2015	10	14	11	51	6	2.475	14	46.785	38.268
2015	10	15	4	9	36	2.98	15	48.928	38.86
2015	10	17	14	52	42	2.677	17	47.964	38.045
2015	10	17	16	27	0	3.081	14	46.987	37.951
2015	10	20	6	15	18	3.182	17	44.98	38.337
2015	10	30	22	40	42	4.798	18	43.771	39.14
2015	11	1	11	20	0	2.677	20	48.65	38.697
2015	11	1	23	22	48	3.485	15	46.762	38.394
2015	11	10	19	26	18	3.182	14	44.731	38.699
2015	11	23	8	32	18	2.98	18	48.148	38.989
2015	11	29	8	58	18	2.98	14	44.515	39.081
2015	12	3	7	43	48	2.273	14	46.981	37.883
2015	12	21	9	10	18	1.97	15	44.462	38.603
2015	12	22	16	24	36	2.677	14	47.307	37.883
2015	12	28	3	3	30	2.879	14	47.416	37.701
