2005	1	18	14	36	42	3.384	15	55.49	37.26
2005	2	5	20	38	54	3.182	15	56.78	37.29
2005	5	28	4	18	48	3.687	15	57.13	38.17
2005	7	13	4	25	12	3.081	15	55.43	36.98
2005	8	2	5	14	6	4.091	14	56.5	38.19
2005	8	7	23	44	54	4.394	15	58.7	36.74
2005	8	16	6	7	42	3.788	15	55.17	40.12
2005	9	5	5	55	12	3.99	15	56.6	37.51
2005	9	20	3	49	18	2.98	15	54.02	38.17
2005	12	20	11	12	0	3.384	15	57.05	37.4
2006	6	9	12	39	24	3.485	15	55.38	36.76
2006	9	17	18	52	12	4.596	14	57.88	37.75
2006	9	21	20	57	12	3.384	6	55.71	36.69
2006	9	23	16	51	12	3.283	18	57.83	36.56
2006	10	7	3	31	6	3.485	18	56.48	36.93
2006	10	14	3	23	24	3.99	15	54.86	40.04
2006	11	11	3	55	24	3.99	15	55.6	37.67
2007	1	28	11	25	30	2.98	26	56.48	36.95
2007	3	8	4	12	0	3.485	15	55.23	37.95
2007	4	17	21	20	30	3.081	14	53.66	39.08
2007	4	22	10	31	0	4.091	17	56.61	37.33
2007	5	7	4	15	18	3.586	32	56.24	37.91
2007	6	8	5	50	6	3.384	15	55.27	36.71
2007	7	9	18	30	48	3.182	14	56.55	38.5
2007	8	14	13	20	18	4.394	18	56.9	37.3
2007	8	20	21	32	36	4.293	45	56.04	38.72
2007	8	22	5	30	36	3.99	15	57.5	37.8
2007	10	1	7	8	36	3.182	19	56.52	37.66
2007	12	24	14	25	36	3.182	6	55.57	36.73
2008	3	19	8	46	42	3.081	46	54.87	38.36
2008	3	20	8	47	24	4.091	14	55.54	37.04
2008	3	22	22	39	0	3.182	26	57.6	37.18
2008	5	15	22	8	0	4.091	7	55.33	36.93
2008	8	2	20	38	30	4.394	15	55.65	37.76
2008	8	9	5	40	30	3.788	14	57.05	36.84
2008	8	24	8	44	24	4.091	17	54.05	38.53
2008	8	26	11	27	6	3.081	17	56.73	36.55
2008	9	6	0	57	6	3.081	14	54.93	38.25
2008	9	18	0	32	54	3.182	16	58.71	37.03
2008	10	12	1	10	18	2.879	15	56.06	37.18
2008	10	16	11	4	24	3.384	14	56.57	37.47
2008	10	17	15	41	6	4.192	14	57.8	36.76
2008	10	24	14	17	30	3.687	35	57.14	38.18
2008	12	14	19	6	36	3.687	15	53.57	39.63
2008	12	16	22	15	18	3.081	17	57.42	37.21
2008	12	21	6	14	36	3.586	15	59.27	35.69
2009	1	3	8	45	42	3.384	14	55.75	36.59
2009	1	14	21	1	36	3.182	18	56.55	37.12
2009	1	25	8	7	0	3.283	18	55.32	37.01
2009	2	24	4	31	30	3.687	14	57.89	36.45
2009	3	20	11	50	0	2.778	31	58.27	38.32
2009	4	7	0	32	36	3.687	6	56.43	37.2
2009	4	14	4	3	36	2.576	46	56.14	37.36
2009	4	17	6	2	0	3.889	14	55.9	37.72
2009	5	10	23	44	54	2.677	35	56.05	37.19
2009	5	23	19	57	54	2.778	9	55.41	36.97
2009	6	12	11	52	42	2.677	15	57.5	36.34
2009	6	15	8	49	54	4.495	14	61.49	36.68
2009	6	19	18	57	18	3.081	14	59.61	36.73
2009	6	30	9	20	18	3.081	28	56.88	37.48
2009	7	5	16	8	0	2.879	15	57.96	36.44
2009	7	9	19	17	24	2.677	8	55.83	37.67
2009	8	15	11	32	6	2.778	7	55.35	37.11
2009	8	20	2	2	0	2.576	43	56.37	37.25
2009	8	20	9	38	6	2.879	14	55.6	36.94
2009	8	23	10	55	36	3.283	18	59.44	36.91
2009	9	13	4	59	42	3.384	14	57.47	37.88
2009	9	13	18	36	42	3.081	14	55.95	36.47
2009	9	30	4	50	54	2.778	15	56	37.83
2009	9	30	8	4	30	3.99	14	55.38	36.87
2009	11	23	8	48	24	2.475	17	57.35	38.33
2009	11	29	9	1	18	3.384	18	59.25	35.96
2009	11	30	14	26	6	2.778	24	57.01	37.1
2009	12	9	2	29	48	2.879	46	55.4	36.91
2009	12	14	6	45	54	3.283	18	55.57	36.71
2009	12	26	1	11	6	2.677	14	54.16	39.25
2009	12	26	21	20	36	2.879	46	57.52	37.69
2009	12	31	16	44	36	3.687	48	58.41	37.79
2010	1	2	13	11	0	3.687	34	59.69	36.78
2010	1	26	7	25	30	3.182	18	58.85	36.9
2010	1	27	19	47	48	2.778	14	56.8	37.46
2010	1	31	10	39	18	3.081	0	57.53	37.82
2010	1	31	18	20	36	2.576	15	56.5	37.55
2010	2	1	2	4	12	3.384	14	57.77	37.25
2010	2	8	1	7	54	2.879	15	57.8	36.94
2010	2	11	5	11	12	3.384	14	53.65	38.94
2010	2	14	19	42	0	2.677	6	57.55	37.79
2010	2	17	8	22	30	2.778	34	56.69	37.52
2010	2	20	21	54	24	3.081	23	56.94	37.26
2010	2	21	13	26	30	3.586	43	56.73	38
2010	3	21	4	6	12	4.192	15	55.6	38.59
2010	3	24	4	33	18	2.879	46	56.1	37.34
2010	4	4	21	48	30	2.879	17	55.18	36.5
2010	4	7	23	7	12	3.788	15	54.31	39.28
2010	4	20	7	15	54	4.394	15	56.69	37.29
2010	5	12	11	29	18	3.586	6	55.97	37.15
2010	5	20	9	0	54	2.778	12	55.97	37.73
2010	5	20	19	52	0	2.879	14	56.98	37.72
2010	5	23	18	57	6	3.081	18	55.62	37.04
2010	5	24	7	28	36	2.677	28	56.85	38.02
2010	5	25	3	14	0	4.192	15	58.15	38.05
2010	6	15	7	43	0	2.879	11	57.46	37.68
2010	7	4	22	14	42	2.778	15	55.33	37.01
2010	7	15	16	2	12	2.879	18	57.5	37.46
2010	7	22	6	12	24	2.778	14	56.76	38.1
2010	7	28	10	51	48	2.576	12	55.74	37.96
2010	8	4	12	24	24	2.879	6	55.49	36.98
2010	8	9	15	2	6	3.687	14	57.72	37.96
2010	8	11	9	32	30	2.98	35	58.13	37.34
2010	8	12	2	19	42	5	15	57.02	37.8
2010	8	12	21	19	12	2.879	15	56.66	37.48
2010	8	20	4	10	30	3.283	18	56.09	37.06
2010	8	23	16	47	12	2.879	14	55.55	37.4
2010	8	29	22	54	0	4.798	21	54.39	39.59
2010	9	11	4	37	48	3.182	14	57.45	38.11
2010	10	18	5	10	24	3.283	8	56.17	38.2
2010	10	30	6	33	12	2.475	32	57.44	37.26
2010	11	5	0	43	18	3.889	18	59.52	37.06
2010	11	17	8	23	0	3.081	15	57.26	37.27
2010	11	20	5	10	54	3.081	8	56.97	38.25
2010	11	22	7	45	48	2.576	15	55.59	37.35
2011	1	1	6	36	24	3.485	15	57.72	36.41
2011	1	16	0	7	48	3.283	14	58.34	37.71
2011	2	9	0	19	48	4.293	10	55.74	36.56
2011	2	12	11	0	24	2.677	17	57.08	37.71
2011	2	28	11	23	6	2.677	15	55.33	36.86
2011	3	9	2	15	24	2.475	15	56.57	37.11
2011	3	13	10	1	54	2.98	14	56.34	37.15
2011	3	13	13	26	42	2.576	14	57.96	37.23
2011	3	28	8	32	0	2.879	11	55.96	37.45
2011	4	4	8	28	6	4.091	14	57.4	37.18
2011	4	9	3	34	12	2.576	39	57.82	37.28
2011	5	13	5	23	54	2.98	14	56.98	37.74
2011	5	17	1	36	42	3.788	14	55.87	37.67
2011	5	17	9	38	24	2.677	18	56.69	37.52
2011	5	23	14	27	0	2.98	15	58.21	36.3
2011	6	5	21	54	12	2.98	42	57.07	37.83
2011	6	15	10	58	48	2.576	14	55.59	37.03
2011	6	17	22	56	6	2.778	15	56.17	38.45
2011	6	19	7	39	54	3.687	14	57	37.67
2011	6	28	7	51	24	3.485	14	57.27	36.96
2011	7	4	8	32	12	2.879	18	57.42	37.29
2011	7	9	1	34	12	2.677	46	57.48	37.55
2011	7	10	2	53	6	2.677	15	55.35	37.1
2011	7	10	5	28	12	3.384	7	57.13	38.06
2011	7	23	9	40	0	3.586	6	55.4	36.85
2011	7	26	4	10	42	4.697	6	56.89	36.52
2011	7	27	6	6	12	3.081	14	55.61	37.1
2011	8	2	9	54	6	2.475	6	57.85	38.05
2011	8	18	1	28	18	3.081	6	57.02	38.34
2011	8	30	12	42	30	3.283	15	55.42	37.13
2011	9	3	20	50	36	2.475	30	55.58	36.66
2011	9	8	13	44	48	2.475	32	57.4	37.21
2011	10	18	8	47	30	3.384	19	58.19	36.45
2011	10	23	11	29	36	2.576	15	57.94	36.3
2011	11	2	5	33	18	2.677	29	56.8	38.16
2011	11	9	2	45	18	3.485	14	57.09	37.25
2011	11	9	20	39	48	3.889	14	55.88	37.64
2011	11	14	12	52	24	2.475	3	57.43	37.86
2011	12	2	23	21	24	3.283	15	57.9	36.21
2011	12	6	0	39	0	3.485	16	55.28	37.41
2011	12	8	4	31	24	4.293	14	57.45	37.13
2011	12	11	17	20	54	2.677	6	56.96	38.39
2011	12	26	8	20	24	2.677	6	58.6	37.08
2011	12	28	1	13	36	4.091	14	57.57	37.63
2011	12	28	2	25	6	3.485	14	58.97	36.16
2012	1	4	23	33	18	3.283	15	55.68	37.51
2012	1	15	21	6	30	2.475	41	55.71	37.2
2012	1	20	11	51	12	5.404	16	58.86	36.3
2012	2	3	7	35	18	3.485	34	56.04	38.14
2012	2	13	9	44	36	3.485	14	55.39	36.85
2012	2	18	20	26	48	2.172	14	57.33	37.42
2012	2	22	4	42	30	2.071	46	56.43	37.25
2012	3	12	6	28	36	3.182	15	57.1	37.4
2012	3	16	1	24	48	2.778	14	57.47	38.01
2012	3	18	20	14	36	2.475	15	57.05	37.17
2012	3	20	11	10	12	2.475	17	57.52	37.29
2012	3	22	21	14	30	2.98	14	57.4	37.18
2012	3	29	12	38	42	2.879	15	58.26	37.41
2012	4	2	3	13	6	1.768	15	56.99	37.47
2012	4	10	23	43	42	2.475	14	56.71	38.18
2012	4	12	4	51	0	2.576	14	57.87	36.35
2012	4	12	15	28	54	2.778	14	58.12	37.03
2012	4	13	8	10	6	2.576	14	58.53	37.46
2012	4	15	2	20	18	2.475	46	56.98	37.35
2012	4	16	13	56	54	2.677	16	57.08	37.89
2012	4	16	22	21	30	3.586	15	57.03	37.42
2012	4	19	10	41	54	2.071	46	56.46	37.53
2012	4	20	7	9	6	2.778	28	56.3	38.45
2012	4	21	2	25	48	2.475	18	56.76	37.54
2012	5	1	7	47	48	2.677	14	57.16	38.47
2012	5	3	20	31	12	3.889	14	55.63	36.56
2012	5	11	7	56	30	2.677	14	57.77	36.35
2012	5	16	15	18	0	2.576	14	57.05	37.86
2012	5	19	3	20	36	2.879	8	55.36	36.84
2012	5	25	15	4	48	2.778	14	55.62	36.98
2012	5	27	12	54	36	2.071	40	55.92	37.13
2012	6	5	4	34	18	1.566	14	57.18	37.68
2012	6	8	3	9	0	1.667	46	56.62	37.43
2012	6	8	7	9	6	2.475	14	58.52	37.33
2012	6	9	2	11	24	2.475	18	57.21	37.64
2012	6	9	10	5	42	2.172	37	57.36	37.7
2012	6	11	23	55	36	2.172	14	57.79	37.11
2012	7	3	0	4	30	3.182	10	55.53	36.76
2012	7	10	14	40	12	1.869	38	57.5	37.17
2012	7	18	18	49	36	2.576	18	57.84	36.24
2012	7	22	9	10	18	1.97	37	56.87	37.37
2012	7	22	10	43	12	2.475	15	57.4	37.71
2012	7	24	21	59	0	2.172	14	57.54	37.6
2012	7	26	13	44	42	2.576	29	57.62	37.72
2012	7	28	12	50	0	2.374	42	56.36	37.56
2012	8	2	2	1	24	1.768	14	57.06	37.92
2012	8	3	20	12	12	2.273	14	57.48	37.71
2012	8	9	9	17	6	2.677	6	56.62	36.79
2012	8	9	11	54	30	2.879	14	57.29	37.73
2012	8	11	16	22	24	2.374	14	57.12	38.62
2012	8	11	22	14	18	1.97	18	57.35	37.42
2012	8	21	6	39	42	2.374	15	57.31	37.4
2012	8	26	8	17	54	3.485	6	57.87	37.02
2012	8	28	16	16	18	2.576	14	58.45	37.37
2012	9	16	2	3	30	2.273	34	56.71	37.59
2012	9	18	2	55	48	1.97	6	57.76	37.83
2012	9	23	3	16	0	3.283	14	58.22	38.24
2012	10	2	15	17	36	1.869	14	57.52	37.8
2012	10	2	19	37	18	2.576	14	56.58	37.98
2012	10	2	19	47	24	4.697	14	55.53	38.67
2012	10	5	14	39	24	2.374	18	57.26	37.77
2012	10	9	8	17	24	2.071	18	55.47	37.09
2012	10	14	18	5	18	1.97	43	55.34	37.08
2012	10	20	19	8	18	3.99	14	56.55	37.23
2012	10	21	7	50	6	3.687	6	55.62	36.97
2012	10	23	16	7	48	1.97	15	56.58	36.79
2012	11	5	3	35	6	2.98	14	57.25	38.07
2012	11	10	2	27	48	2.98	14	58.29	36.26
2012	11	14	17	21	54	2.879	9	57.38	37.72
2012	11	16	1	43	24	2.071	15	57.61	37.41
2012	11	16	7	32	48	1.768	14	57.48	37.49
2012	11	16	10	57	54	1.97	14	57.63	37.41
2012	11	17	9	32	54	2.172	14	57.55	37.4
2012	11	20	13	45	30	2.576	6	57.32	38.18
2012	12	10	19	55	48	1.97	14	55.76	36.5
2012	12	23	10	46	12	2.778	15	58.28	36.35
2012	12	25	10	30	0	3.081	14	56.99	38.23
2012	12	27	16	25	18	3.283	6	57.43	37.86
2013	1	12	12	11	36	3.889	14	60.74	35.1
2013	1	14	4	41	42	3.788	7	56.12	36.86
2013	1	25	10	30	24	2.879	14	57.26	38.28
2013	1	26	22	31	24	2.475	46	57.75	37.07
2013	1	30	0	33	12	2.98	14	56.93	38.4
2013	2	1	5	44	18	2.273	35	57.46	37.55
2013	2	6	21	53	6	2.071	35	56.45	37.57
2013	2	13	2	58	6	3.889	25	57.18	37.31
2013	2	13	10	55	36	2.273	14	55.87	37.81
2013	2	23	12	31	24	4.293	27	55.76	39.07
2013	2	28	6	2	24	4.192	16	57.45	38.15
2013	3	7	0	40	18	2.879	14	55.34	37.67
2013	3	7	15	44	12	2.172	18	55.98	37.48
2013	3	11	0	19	18	4.192	15	53.55	39.56
2013	3	24	8	37	36	2.778	14	56.71	38.03
2013	3	26	15	24	0	2.172	14	55.48	37.13
2013	3	28	2	43	18	2.273	14	55.61	37.01
2013	3	29	6	9	6	2.273	32	55.9	37.04
2013	3	30	18	17	36	2.475	18	58.45	36.88
2013	4	5	1	2	18	2.879	14	56.8	37.91
2013	4	12	5	59	36	2.576	15	57.39	37.75
2013	4	17	9	15	24	2.475	14	57.32	37.21
2013	4	21	8	56	42	2.374	26	56.1	37.03
2013	5	9	10	6	18	3.182	14	55.05	36.54
2013	5	12	7	9	24	3.889	37	57.24	37.54
2013	5	21	8	20	30	2.576	6	57.34	37.98
2013	5	26	4	3	36	2.576	16	55.73	37.03
2013	5	27	2	1	42	2.475	38	57.78	37.09
2013	5	27	12	39	12	2.576	14	57.37	38.3
2013	5	31	4	22	0	3.081	18	58.49	36.07
2013	6	1	14	16	0	1.869	14	55.47	37.01
2013	6	5	9	2	0	2.778	17	55.66	37.82
2013	6	6	5	7	0	2.475	40	56.51	37.47
2013	6	9	19	28	48	2.879	18	58.32	36.26
2013	6	25	10	51	48	3.485	14	55.5	36.41
2013	6	26	16	6	54	3.081	14	59.95	35.38
2013	7	28	15	9	0	3.99	18	56.09	36.92
2013	8	10	1	5	6	3.384	14	59.56	37.09
2013	8	10	19	36	24	3.687	11	55.77	38.54
2013	9	5	0	45	42	4.091	14	54.82	39.33
2013	9	9	15	3	12	3.182	18	55.6	37.04
2013	9	12	22	27	0	2.98	14	59.69	35.44
2013	9	26	19	52	30	3.889	15	57.75	37.49
2013	10	6	15	5	18	3.788	15	56.12	37.43
2013	11	1	5	30	6	3.384	24	57.6	37.75
2013	12	7	12	42	30	4.192	14	58.44	36.79
2013	12	9	19	42	36	4.293	15	55.58	38.75
2013	12	28	1	28	42	3.99	14	57.4	36.44
2013	12	29	10	57	30	3.788	27	56.05	36.93
2014	1	1	1	27	36	3.182	14	57.16	37.3
2014	1	10	7	33	0	3.586	18	54.96	38.48
2014	1	16	8	36	12	3.081	16	55.36	37.59
2014	1	28	16	30	42	4.394	14	58.27	36.33
2014	2	2	20	55	6	3.485	16	61	35.38
2014	2	8	11	19	0	4.596	15	54.05	39.77
2014	2	14	11	50	0	4.899	15	56.23	38.54
2014	2	16	4	8	18	2.778	29	55.71	36.98
2014	2	17	10	3	0	2.475	18	56.89	37.38
2014	3	6	5	58	0	2.576	14	56.88	36.79
2014	3	8	9	15	0	3.586	18	58.65	36.69
2014	3	12	20	10	30	2.677	15	57.56	37.42
2014	3	21	5	24	48	2.778	14	59.11	36.76
2014	3	21	5	34	36	3.283	6	55.83	36.98
2014	4	7	14	10	30	3.99	16	59.32	37.25
2014	4	15	19	18	0	3.081	14	58.33	36.82
2014	4	22	11	59	18	3.788	15	56.31	37.44
2014	5	22	1	32	48	3.586	15	53.96	39.88
2014	5	23	9	20	6	2.879	14	59.3	37.17
2014	5	25	17	30	48	2.172	14	57.57	37.27
2014	6	14	18	28	24	2.677	14	56.03	36.99
2014	7	2	1	26	6	2.778	10	55.47	36.62
2014	7	3	14	12	42	3.485	14	56.27	36.65
2014	7	15	13	25	24	3.384	35	58.44	36.84
2014	7	16	8	21	24	3.485	17	56.93	38.16
2014	8	24	6	55	24	3.889	18	59.4	36.73
2014	9	21	17	4	54	3.283	16	58.68	35.94
2014	9	27	14	38	54	3.384	14	57.47	37.28
2014	9	28	23	42	36	3.687	16	59.16	37.27
2014	10	5	17	16	6	3.384	14	58.39	36.14
2014	10	10	9	10	42	3.99	18	56.98	37.36
2014	10	27	0	36	24	4.394	38	56.31	37.67
2014	10	28	5	22	6	2.677	6	58.3	36.83
2014	11	1	10	23	6	2.778	46	58.51	36.56
2014	11	7	3	57	30	3.788	18	55.71	37.09
2014	12	31	5	54	30	3.788	14	55.61	37.21
2015	3	8	14	6	30	3.384	18	56.02	37.03
2015	4	3	13	24	54	2.98	14	55.05	36.5
2015	5	6	23	31	12	3.384	8	55.47	36.98
2015	5	9	11	56	18	2.172	6	56.91	38.21
2015	5	10	2	33	36	2.273	6	56.87	38.24
2015	5	10	9	54	42	2.071	6	56.85	38.19
2015	5	18	20	28	0	2.374	30	55.6	37.41
2015	5	18	20	49	24	2.071	14	57.48	37.28
2015	5	20	2	47	42	4.495	14	57.73	37.49
2015	5	20	21	18	48	3.788	18	55.68	38.58
2015	5	30	19	23	12	3.182	6	57.531	38.285
2015	6	10	3	58	18	2.273	14	57.08	37.66
2015	6	16	2	46	36	1.768	14	56.42	36.67
2015	7	20	22	53	6	2.677	14	58.425	37.39
2015	7	23	10	31	36	2.778	14	56.925	38.031
2015	7	24	8	22	54	2.677	15	59.119	36.022
2015	8	6	17	59	18	2.778	26	55.526	37.024
2015	8	8	23	5	54	3.182	14	57.366	37.3
2015	8	13	7	34	30	3.889	15	53.851	39.866
2015	8	17	12	52	6	2.677	14	57.381	37.745
2015	8	18	12	0	54	4.293	6	55.284	36.348
2015	8	19	0	36	18	2.677	6	57.058	36.485
2015	8	24	18	50	0	2.778	14	58.444	36.419
2015	8	28	21	17	6	3.485	15	56.659	37.251
2015	8	31	14	41	36	4.697	16	57.727	37.064
2015	9	2	21	40	48	2.374	14	56.029	37.362
2015	9	4	17	0	48	2.576	17	60.71	35.316
2015	9	4	22	5	54	2.778	14	60.714	35.104
2015	9	8	1	4	30	2.576	14	55.91	37.807
2015	9	10	20	39	36	2.071	18	58.408	36.83
2015	9	11	13	37	0	2.778	14	55.615	37.315
2015	9	17	10	51	54	2.98	23	57.989	38.171
2015	9	19	3	14	0	2.778	15	55.987	37.052
2015	9	19	11	38	30	2.576	17	60.154	35.762
2015	9	22	8	56	42	2.677	14	57.363	37.795
2015	9	22	18	11	54	2.172	14	58.217	37.408
2015	9	26	4	7	48	2.273	14	56.751	37.314
2015	9	29	20	47	24	2.475	14	57.052	37.261
2015	9	30	15	51	0	2.071	14	55.983	37.078
2015	10	2	1	41	54	1.768	18	57.593	37.412
2015	10	2	6	8	48	2.98	18	55.202	39.406
2015	10	3	5	5	30	1.667	27	57.379	37.475
2015	10	3	9	17	48	2.172	14	57.85	38.284
2015	10	3	18	6	42	2.273	6	55.496	37.018
2015	10	4	17	46	36	1.667	18	57.59	37.385
2015	10	4	23	9	0	1.869	18	57.142	37.342
2015	10	5	1	40	6	2.677	6	57.595	38.087
2015	10	10	2	59	24	1.364	6	57.343	37.737
2015	10	12	10	33	30	1.869	12	57.404	37.824
2015	10	12	12	44	24	1.667	17	56.343	36.48
2015	10	13	1	39	36	1.768	18	55.505	37.005
2015	10	13	13	26	30	5.202	6	56.916	38.422
2015	10	17	23	32	24	1.768	14	56.93	37.663
2015	10	24	18	31	48	2.677	14	56.645	37.499
2015	10	25	4	28	24	2.475	10	55.831	37.702
2015	10	25	20	41	30	2.98	15	56.414	37.314
2015	10	25	22	53	36	2.98	14	55.861	37.683
2015	10	30	8	6	48	2.98	14	57.417	38.172
2015	10	31	6	19	30	2.879	15	60.264	35.771
2015	11	1	13	4	36	2.778	14	55.766	37.403
2015	11	2	13	31	48	2.98	14	55.362	37.207
2015	11	4	4	47	42	2.475	14	57.646	37.497
2015	11	6	4	47	12	2.677	18	58.552	36.575
2015	11	7	12	16	30	2.475	7	55.478	36.801
2015	11	8	13	51	42	2.475	8	55.366	36.889
2015	11	11	1	33	18	3.182	14	55.303	36.306
2015	11	23	11	38	0	2.576	14	55.522	36.49
2015	12	19	10	5	24	2.677	15	58.583	37.884
2015	12	21	17	20	18	2.677	14	56.072	37.747
2015	12	26	7	40	12	2.273	18	58.576	36.572
